1 2 3 4 8 10 13 14 15 16 19 20 21 23 25 26 27 28 29 30 33 36 41 42 43 46 47 48 51 52 53 54 55 56 58 59 60 61 62 64 65 66 67 68 69
2 3 4 5 6 7 9 10 11 12 13 15 17 19 21 22 23 24 26 27 28 29 33 34 35 36 37 39 41 42 44 45 46 47 48 50 53 54 55 56 59 60 61 65 66 68 69 70
2 3 4 6 8 9 11 13 14 15 16 17 20 21 22 23 24 26 29 31 32 33 35 37 39 40 41 44 47 49 50 52 53 57 60 62 64 65 66 68 70
2 3 4 7 8 9 10 13 14 16 19 20 25 27 28 29 32 33 35 36 38 39 41 42 43 47 48 49 50 53 54 55 56 60 61 65 66 67 68 69
3 4 5 7 8 10 12 15 17 18 19 21 22 23 25 26 27 28 30 31 32 33 37 38 39 40 43 44 45 47 48 49 51 52 53 55 57 58 59 60 63 64 67 69
1 3 4 6 9 10 11 17 18 21 26 28 30 31 34 35 39 40 44 45 46 47 48 49 50 52 53 55 58 59 61 62 64 65 66 67 68 69
2 3 4 5 6 7 8 9 10 11 12 17 18 19 21 22 24 27 30 31 32 33 34 36 37 39 40 42 43 44 46 47 48 49 51 54 55 56 58 59 61 63 66 68 70
3 4 7 8 9 10 11 13 14 15 16 18 19 22 25 26 31 32 34 36 38 39 40 42 44 45 46 47 48 50 51 56 57 60 63 65 66 67 68 69 70
1 2 3 4 9 10 11 12 13 14 15 16 17 18 19 20 22 24 26 30 32 34 38 39 42 43 46 47 49 50 51 53 54 55 56 60 61 63 67 68 69 70
3 4 5 9 10 12 16 18 20 23 24 26 27 28 33 37 38 40 41 42 44 45 48 49 51 52 55 56 59 61 63 64 65 66 67 69 70
