3 4 5 8 10 12 13 14 15 18 19 25 28 29 32 34 36 37 38 41 42 43 44 46 49 51 52 57 60 64 65 68 70 77 78 80 81 82 85 86 87 89 92 95 96 99 100 102 103
2 3 5 6 12 13 15 16 18 23 27 28 30 31 32 36 37 45 51 54 55 57 58 59 61 63 64 65 66 71 73 75 76 77 78 79 80 81 90 95 96 97 102 103
1 3 4 6 9 14 15 16 17 18 22 23 24 25 26 28 30 31 33 34 39 40 42 44 46 47 48 55 56 59 60 64 66 73 76 78 82 83 85 87 88 96 98 99 103
13 17 18 19 24 25 26 27 28 31 33 38 48 51 54 55 58 62 63 64 66 67 68 74 75 77 78 79 81 83 86 88 90 95 96 101 103
1 3 5 8 12 13 14 17 18 22 23 25 27 29 33 34 35 37 40 41 42 43 47 52 53 54 60 65 67 70 75 77 80 82 83 84 86 88 90 92 93 95 96 103
1 5 9 10 15 16 17 19 23 24 25 26 29 30 31 32 35 37 38 39 42 43 45 47 48 54 58 59 60 63 64 67 74 75 77 78 82 83 91 92 94 96
1 10 11 13 14 15 16 19 24 28 29 32 33 34 36 37 38 40 41 42 44 46 47 48 51 58 60 61 63 65 66 67 71 77 79 83 86 91 93 94 103
7 11 13 16 17 20 21 22 23 24 25 26 27 28 29 36 37 41 43 48 51 53 54 56 58 63 64 67 69 73 77 78 79 80 85 86 89 91 92 95 99
2 5 9 13 15 16 21 25 26 27 29 31 33 37 38 41 47 49 52 53 55 56 58 64 65 68 71 75 77 78 83 86 87 88 90 92 93 94 96 98 102 103
2 7 9 10 13 16 19 23 28 29 31 32 33 35 36 37 38 39 43 44 48 50 53 59 60 61 65 68 69 70 73 75 79 80 85 93 94 95 98 100 102 103
2 4 9 10 12 14 15 16 18 20 25 26 28 29 36 38 41 42 43 44 45 46 47 48 50 53 57 58 64 65 66 68 69 70 73 76 79 83 84 86 87 92 94 95 100 103
3 4 5 8 13 18 21 22 23 25 27 28 29 32 34 43 44 48 49 53 55 59 60 62 64 66 67 68 70 75 78 79 84 85 87 88 89 90 96 98 99 100 102
1 2 3 4 6 7 8 13 16 18 20 29 31 39 40 43 44 46 52 56 57 62 63 64 65 70 71 72 73 76 79 81 84 91 94 96 98 99 100
12 13 15 25 26 27 29 30 31 32 34 35 36 41 42 44 45 48 49 53 55 59 64 65 68 69 72 73 76 78 81 82 84 86 95 96 98 99 100 102
1 2 4 8 10 11 13 16 18 19 21 28 29 30 36 37 51 53 56 59 60 61 64 67 71 72 75 78 79 81 84 86 88 92 96 97 101
3 5 9 11 14 22 27 28 29 30 35 37 38 42 43 44 48 49 50 51 53 54 55 56 58 60 63 66 74 77 78 79 81 82 83 84 85 88 90 98 99 102
2 3 5 6 7 9 11 12 13 16 18 22 23 28 29 34 38 41 42 45 46 48 49 50 51 57 61 65 67 68 76 80 81 82 83 85 89 92 96 97 103
2 3 4 5 6 7 9 14 20 22 25 26 27 30 31 32 34 43 47 48 50 52 54 58 60 64 69 71 73 74 76 77 79 83 84 90 99 103
1 2 4 5 6 9 11 13 17 18 19 20 21 23 26 27 30 34 38 55 56 57 62 65 68 69 70 76 80 81 83 85 86 90 92 95 99 100 102
2 4 12 14 18 22 23 34 38 39 40 43 44 45 48 50 51 52 54 61 64 69 73 75 76 77 78 80 84 86 89 94 102
5 8 9 10 11 14 15 16 17 18 21 22 23 24 29 32 35 38 40 42 45 49 50 54 56 58 62 63 74 76 80 83 86 89 92 93 94 99 102 103
7 8 9 11 12 13 15 20 30 31 32 36 40 42 44 47 48 50 53 56 57 58 60 61 65 71 74 75 76 77 79 81 82 85 86 87 88 91 95 97 98
1 2 8 9 10 13 15 16 19 20 21 23 26 27 34 40 41 42 43 44 45 47 49 51 52 54 56 57 59 63 64 69 77 80 81 84 85 88 90 94 98 99 100 103
3 6 8 9 10 11 15 22 23 24 26 27 28 29 32 38 42 44 46 49 52 55 57 60 68 71 73 77 78 80 83 85 86 87 88 90 91 94 96
1 5 7 8 10 15 16 17 19 21 24 26 27 28 32 36 38 39 41 42 44 45 47 49 50 56 57 58 59 62 65 69 75 76 78 79 80 81 83 85 86 87 91 93 94 99 100
7 8 9 15 16 17 20 21 22 25 30 31 32 33 34 35 41 45 46 47 48 50 51 52 53 55 60 63 68 69 72 73 75 77 78 79 81 84 85 89 91 103
1 2 4 11 13 17 19 22 23 24 27 29 30 31 33 34 37 39 40 41 46 47 48 50 51 54 57 60 62 64 68 69 76 79 85 87 89 90 91 95 96 97 100 101
1 7 11 12 13 14 19 20 22 23 24 26 27 28 29 30 31 32 39 41 44 45 46 52 62 63 66 68 71 72 73 74 78 82 85 89 96 97 98 99
1 3 5 6 8 11 15 19 20 21 22 23 29 31 34 37 39 41 48 50 52 53 55 56 57 58 65 67 68 72 73 74 75 77 82 84 85 87 91 96 98 99
1 6 7 8 10 11 12 14 16 23 24 30 32 34 40 41 42 43 44 51 52 56 58 67 69 74 76 78 81 82 86 89 91 94 96 99 103
2 6 7 13 14 16 17 18 19 23 24 28 29 32 34 35 36 39 48 50 52 53 55 57 59 64 67 76 77 79 80 81 84 86 89 92 93 97 101
8 9 11 14 18 19 22 24 25 27 30 33 34 35 37 41 42 43 44 49 53 54 55 56 60 62 63 70 74 78 80 83 88 93 101 102
1 4 5 6 8 12 13 14 17 18 20 21 25 26 29 30 31 34 35 36 39 40 49 50 62 63 64 66 69 73 75 77 78 80 83 87 90 91 92 93 94 98 99 101 102 103
2 7 11 14 16 17 21 23 25 26 27 30 33 35 37 38 39 45 46 48 49 50 51 54 56 57 58 59 60 62 63 68 72 77 81 82 83 84 87 89 92 96 97 98 103
5 9 12 14 21 22 25 26 27 28 29 32 33 40 43 44 46 51 54 58 60 61 66 68 69 72 80 82 85 86 87 88 91 92 93 99 101
2 3 5 9 10 12 13 15 16 19 21 22 23 25 26 30 31 32 37 38 40 41 42 44 46 47 48 50 55 65 66 67 68 70 76 87 92 93 94 99
2 6 7 8 9 10 15 16 20 22 25 27 28 29 30 32 33 39 40 43 44 45 46 47 49 50 52 59 60 61 65 68 70 73 74 76 84 89 90 97 98 100 102 103
7 9 10 15 16 18 20 21 23 26 27 30 31 32 34 35 39 41 45 48 53 55 62 64 66 67 73 75 76 81 82 83 86 88 90 93 98 100 102
2 6 8 9 10 12 13 14 15 16 17 18 29 30 31 34 35 43 45 46 51 54 55 58 61 62 63 64 65 66 68 70 73 74 77 80 82 84 85 87 88 89 92 95 103
2 3 6 7 12 17 20 25 27 32 34 35 36 38 39 46 47 49 51 53 54 59 60 64 65 67 68 70 71 72 74 77 79 84 87 88 91 92 95 99 103
3 4 9 11 12 14 18 21 23 24 25 26 27 29 30 36 38 39 40 43 48 50 51 53 57 60 61 63 65 68 70 72 75 76 78 79 81 84 85 90 92 94 95 99 101 102
1 2 3 6 11 12 14 15 18 20 25 26 28 29 31 32 33 38 41 42 44 46 47 48 51 54 57 58 60 61 62 65 68 72 75 85 87 95 96 100 101
3 10 11 14 15 16 19 22 23 24 25 26 32 34 35 42 44 45 47 48 59 61 64 68 69 70 74 75 76 79 85 86 99 102 103
1 6 7 8 9 10 12 13 14 15 16 25 27 29 30 31 33 34 35 36 39 46 53 55 56 59 60 62 63 64 71 73 77 78 80 83 85 86 87 88 93 96 98 99 101
6 9 13 14 15 21 22 25 28 29 31 33 34 36 39 40 42 43 44 51 55 56 57 60 61 63 64 68 69 71 76 77 82 83 87 90 91 94 95 97 98 99 103
6 7 10 11 12 16 20 22 23 26 28 34 36 37 44 45 51 52 53 58 64 74 77 79 80 82 83 86 87 88 91 93 98 100 102 103
1 2 3 5 9 13 17 18 19 22 25 26 28 33 35 37 42 46 51 54 58 59 61 63 67 71 72 73 74 75 76 77 78 80 83 85 87 90 92 94 95 97 98 99
3 4 6 8 11 12 15 16 18 23 27 28 30 32 36 39 41 42 50 52 53 54 57 62 64 66 69 73 79 81 82 88 90 91 92 99 100 101
3 4 7 8 11 12 13 14 16 19 21 22 26 30 32 34 37 40 42 45 46 50 51 52 53 54 56 63 67 69 73 75 76 77 79 80 85 87 89 90 91 97 98 100 101 103
2 3 5 6 7 11 13 15 16 17 18 22 25 26 31 32 33 35 36 37 39 42 43 44 45 48 50 62 64 65 73 74 76 78 79 81 86 87 89 91 94 95 96 100 101
