1 2 3 4 5 9 12 13 21 23 24 25 27 28 29 30 32 33 35 41 42 44 45 50 51 52 53 57 58 61 63 64 66 67 69 74 75 77 80 81 82 83 84 85 86
1 2 3 4 6 10 11 13 14 16 17 20 21 23 24 27 28 30 37 39 40 41 42 45 48 51 54 57 60 61 62 63 67 70 73 74 75 76 78 79 81 82 84 85 86
5 9 11 12 13 14 15 16 19 21 27 29 34 37 38 39 41 42 46 48 49 50 51 54 55 56 58 59 63 64 72 83
1 2 6 7 10 12 13 15 16 17 19 24 25 28 29 30 34 35 36 37 39 41 42 45 46 47 48 49 50 52 55 56 62 66 73 76 77 78 79 80 83
4 5 6 9 15 16 18 20 22 26 27 32 33 34 37 38 41 42 43 48 49 50 51 55 59 60 67 68 70 72 79 81 82 83 84 86
1 2 4 5 8 9 13 14 15 16 18 19 20 23 25 26 30 32 33 34 35 36 39 40 41 42 47 50 51 55 57 58 60 62 64 68 69 70 71 73 74 76 81 83 85
10 12 14 16 18 20 30 34 37 38 40 42 44 45 46 49 51 52 53 55 56 57 63 65 66 70 71 74 76 77 78 80 81 82
1 2 3 5 7 8 13 15 17 19 25 26 28 32 34 35 37 38 40 42 46 49 50 51 53 54 56 59 60 61 65 66 72 73 75 77 78 79 81 84
1 4 5 9 17 18 19 21 24 25 27 31 32 34 35 37 39 40 41 43 44 46 47 48 49 51 54 55 60 62 65 68 70 75 76 77 79 80 82 84
2 3 4 5 6 9 10 11 13 16 17 18 20 24 25 26 28 31 33 34 37 39 40 41 43 44 46 47 49 51 53 55 59 62 63 64 67 68 74 76 78 79 83
1 2 4 5 6 7 8 10 13 15 17 18 19 22 27 28 32 33 36 38 40 43 44 45 49 52 54 56 57 58 60 62 65 66 67 68 72 79 81 83 85
1 2 5 6 7 8 10 12 13 14 17 18 19 20 22 23 24 26 29 30 32 33 34 35 36 41 42 43 45 46 52 56 57 58 59 60 66 67 70 71 77 79 83 84 86
2 3 4 5 7 9 10 11 13 15 18 20 22 23 24 26 27 28 31 34 35 36 42 43 44 45 47 48 49 52 53 55 56 58 59 61 64 65 66 67 72 76 81 82 83 86
2 9 12 13 14 15 18 21 22 23 24 25 26 27 28 29 34 36 37 39 40 42 44 45 46 47 48 49 50 56 59 65 67 70 72 73 74 77 78 85
3 6 7 13 14 15 17 18 21 22 23 24 29 31 32 33 35 36 38 39 40 43 45 46 48 51 56 57 59 61 64 73 75 77 80 81 82 86
1 11 13 17 19 21 22 23 24 25 27 31 33 34 35 37 39 40 41 45 46 47 48 49 50 52 54 56 58 62 66 68 73 79 82 83 84 86
1 4 5 7 9 10 11 16 19 21 22 23 25 32 33 34 35 36 38 39 41 48 49 50 51 52 54 55 56 58 59 61 62 65 67 68 69 70 71 78 82 83 84
