1 2 3 4 5 7 11 14 16 17 18 19 21 23 24 25 26 29 31 33 34 36 37 38 39 41 44 46 47 48 51 53 54 55 57 58 59 61 62 63 64 73 74 80
2 4 6 7 8 11 14 15 19 21 22 23 26 28 29 30 31 32 33 40 42 43 46 48 49 51 53 54 55 56 59 60 63 65 66 71 72 74 76 78 79 81
1 2 3 4 5 6 8 9 12 15 16 17 18 19 21 23 24 27 28 30 31 32 38 41 43 44 45 51 52 54 56 58 59 60 61 62 66 67 70 71 73 74 76 78
1 2 3 5 14 16 17 18 19 21 22 23 25 29 31 32 35 36 39 41 45 47 48 49 50 51 52 54 56 57 58 59 60 61 66 67 68 70 71 73 76 78 79
4 5 6 7 9 10 13 17 22 23 26 28 30 31 35 37 38 39 40 44 50 51 52 53 54 60 62 64 65 67 68 69 72 73 75 76 81
2 3 4 5 6 8 11 14 16 18 20 21 22 26 28 29 30 32 34 36 39 41 46 47 49 50 51 52 53 54 56 57 59 60 62 67 69 72 73 75 76 78 80
1 3 7 12 15 16 17 18 19 22 24 30 31 34 36 37 38 39 41 42 45 48 49 50 51 52 53 54 56 58 59 60 66 67 68 69 71 73 79 80 81
5 6 8 14 15 17 18 19 20 21 25 27 28 29 30 31 32 33 34 36 41 42 43 44 46 47 48 49 50 52 53 54 56 57 59 60 61 62 63 66 69 71 76 77 78 79 81
1 5 6 8 9 10 11 16 18 19 20 21 22 24 25 26 28 29 32 36 38 39 40 41 43 45 48 49 50 54 58 64 66 67 68 70 71 74 75 80
1 2 4 6 7 10 12 15 16 18 20 23 26 28 29 31 32 33 34 36 37 39 40 42 43 44 46 48 49 54 55 56 57 58 60 61 63 64 66 67 71 73 74 81
4 5 6 10 12 13 14 16 17 18 21 22 23 26 27 28 30 31 33 34 36 38 40 43 47 53 54 56 57 58 59 61 64 66 69 70 71 73 75 76 78 80 81
1 2 3 4 5 6 8 10 16 17 19 20 21 22 23 25 26 28 29 32 33 34 35 36 37 41 46 49 52 54 55 58 59 61 62 63 64 66 68 69 72 73 77
2 5 8 10 11 12 13 18 20 23 24 26 28 31 32 33 34 35 39 44 45 47 48 49 52 53 54 58 60 64 65 66 69 71 74 75 78 79 80
1 2 3 8 10 11 12 14 18 19 21 24 25 27 28 30 31 32 34 36 38 40 45 46 48 49 52 54 57 59 60 61 62 64 66 68 69 70 72 73 74 77 81
3 4 5 6 7 11 14 15 17 19 20 21 23 25 26 28 31 32 33 34 35 38 40 41 44 45 47 50 51 54 55 56 58 59 67 68 70 71 75 76 77 78 79 80
1 3 4 5 7 8 9 10 11 12 17 19 22 24 26 29 35 44 45 46 48 49 53 55 57 62 64 66 67 68 70 71 73 79 80
3 5 6 7 12 13 15 16 20 21 23 26 27 28 31 36 37 38 39 40 45 50 52 54 56 57 59 60 61 62 63 64 65 66 69 70 71 72 73 75 77 78 81
1 3 5 6 7 9 10 16 18 21 24 25 26 27 28 29 30 31 32 33 37 39 40 41 42 43 45 46 48 53 54 55 60 61 63 65 67 68 69 71 73 80 81
1 10 11 12 13 16 18 19 25 26 31 33 34 35 36 37 38 39 41 43 44 47 48 50 51 52 54 58 60 61 62 63 64 66 68 69 71 74 75 76 77
1 3 4 5 6 7 8 9 12 14 15 20 21 22 24 25 26 27 28 29 30 34 35 37 39 40 41 46 47 50 51 56 57 59 63 64 66 67 68 69 70 71 73 74 76 79 81
