2 4 5 7 8 11 13 17 18 19 20 21 22 25 27 28 30 31 34 35 42 48 49 51 52 57 60 61 62 67 70 72 77 80 82 83 85 86 90 91 93 99 105 107
1 4 8 10 12 16 19 24 26 27 29 31 33 34 35 36 38 41 44 45 47 48 51 55 58 60 61 62 67 68 69 70 72 82 83 88 90 92 95 100 102 104
1 2 4 6 9 10 11 12 14 16 18 21 22 24 27 29 31 34 37 43 45 46 48 49 51 53 54 61 65 67 71 72 73 74 76 78 81 84 85 91 92 94 99 100 107
2 5 7 15 17 18 19 26 27 28 29 30 31 35 37 38 43 44 47 52 53 54 56 60 62 66 70 71 72 74 81 82 84 88 90 91 92 93 94 97 99 100 102 103 105 107
1 2 4 11 12 14 15 17 19 25 27 31 35 38 46 50 51 52 55 56 57 59 61 62 63 67 72 73 76 77 79 81 87 88 89 91 92 94 101 102 107
5 6 12 18 23 26 29 34 35 37 38 39 40 49 51 54 56 58 60 62 63 66 71 72 76 79 80 81 84 87 88 91 92 95 99 100 101 103 105 107
3 9 18 20 21 23 24 25 26 27 30 36 39 40 41 42 44 50 52 56 58 62 65 67 69 71 72 74 78 79 83 84 85 89 91 98 99 105
1 5 8 9 12 17 18 21 26 29 31 33 36 37 38 39 40 50 53 55 61 63 65 68 69 70 72 79 80 81 83 84 85 86 91 93 94 95 96 97 105
1 2 3 5 12 16 17 22 23 25 26 28 30 31 32 34 35 36 40 42 43 45 47 52 53 54 57 64 66 67 69 74 75 76 84 85 86 87 94 97 99 104
2 4 6 7 9 10 15 17 19 20 21 25 27 29 30 33 43 44 45 47 48 51 55 60 63 66 68 73 77 80 85 87 89 91 94 96 98 102 103 104 105 106
2 3 5 7 12 18 20 21 22 27 29 30 31 34 37 45 46 50 51 54 55 57 61 63 64 67 69 70 71 73 74 79 81 84 88 90 95 97 98 100 102 106
1 2 3 4 9 14 24 25 26 29 37 40 42 45 47 48 50 51 56 58 59 60 62 63 65 69 71 72 73 74 75 76 77 82 83 91 94 97 99 101 103 107
1 2 6 7 11 12 13 14 15 23 27 30 32 33 35 36 39 42 44 45 46 56 60 62 63 64 66 67 69 71 77 78 81 82 84 86 87 88 89 93 94 95 96 97 98 99 101 104 107
1 5 7 8 9 10 11 13 14 15 16 17 20 21 22 25 27 28 29 30 35 38 40 41 43 48 52 53 55 56 57 63 64 67 69 73 74 77 78 80 84 87 89 94 96 97 99 102 104
2 5 7 9 10 11 13 14 16 19 21 22 26 27 28 30 32 35 39 43 47 51 53 57 62 65 73 75 76 78 79 84 86 87 90 94 95 101 103 105 106
2 3 5 6 9 13 20 24 25 27 29 33 37 39 41 43 49 50 52 54 55 56 59 63 66 67 69 72 79 80 86 88 92 93 94 97 107
2 5 9 11 12 15 17 18 20 24 25 26 27 29 33 36 38 39 42 43 47 48 50 51 57 58 60 61 62 66 67 68 70 71 73 78 85 86 88 89 97 99 105 107
3 10 11 12 13 18 19 20 22 23 24 26 29 30 31 36 37 46 50 54 55 61 63 67 68 69 70 72 79 80 82 86 89 90 91 100 103 107
3 6 7 15 19 20 22 25 26 27 31 32 33 36 39 40 43 44 46 49 50 51 52 53 54 59 60 63 64 72 73 76 81 82 83 84 87 91 92 98 100 101 103 105 106 107
8 13 15 22 23 33 35 37 38 40 43 45 48 49 51 54 55 56 58 62 63 65 68 71 75 76 77 83 84 88 90 91 92 97 98 99 101 102 103 106 107
1 2 4 7 8 11 15 17 18 21 23 27 28 30 37 39 40 43 44 45 47 48 49 50 52 54 56 63 65 66 69 70 80 84 87 90 92 100 101 102 103 106 107
4 8 16 18 19 20 21 23 29 37 39 40 48 56 58 59 60 66 69 71 74 82 83 84 85 87 89 93 94 98 99 101 102 105
1 6 8 9 12 14 18 20 23 24 25 33 36 40 43 47 48 49 52 56 57 63 64 65 66 69 71 72 73 75 76 77 78 80 81 86 88 91 93 99 104 105 106
1 2 3 5 7 13 14 15 16 17 18 21 24 25 26 30 32 34 41 42 46 48 50 51 56 59 62 64 65 67 68 71 72 73 75 78 82 86 87 88 90 92 97 98 101 105 106 107
4 5 7 12 14 15 19 21 25 26 29 31 33 38 40 44 51 57 65 67 68 69 74 79 80 82 83 84 88 93 94 96 97 101 102 107
1 3 4 6 13 18 19 23 24 25 29 32 33 36 37 41 49 51 56 58 59 64 65 68 72 73 74 75 77 79 80 81 83 92 93 99 100 104
9 12 13 14 16 19 20 24 28 33 35 39 42 43 50 51 52 55 60 61 63 65 67 68 69 70 76 78 79 80 81 82 84 85 88 90 92 99 100 101 102 103 104 107
2 4 5 6 12 13 15 16 18 19 20 21 22 32 34 35 36 37 38 43 47 48 51 52 54 56 60 61 62 66 67 69 70 73 75 79 81 85 87 92 93 96 97 101 102 103 104
5 6 8 12 13 15 17 19 20 28 29 32 34 35 40 42 43 48 49 51 55 59 62 64 65 70 71 72 73 74 77 78 79 80 81 83 84 87 88 91 96 97 101 103 104 107
4 6 7 8 9 11 13 14 15 24 32 34 39 51 58 60 61 62 69 70 71 72 78 82 86 88 90 92 98 101 104 106 107
2 3 6 7 9 10 12 14 15 16 18 19 25 30 36 39 43 44 52 57 60 61 65 66 67 69 70 74 78 79 80 81 88 89 90 91 92 93 95 99 100 101 102 103
2 3 4 6 7 14 15 16 17 22 23 26 28 29 31 33 36 39 42 49 52 55 60 61 63 66 67 70 72 73 75 76 77 80 81 83 85 91 96 98 107
1 5 7 9 14 15 19 21 24 25 28 29 32 33 34 36 39 40 41 45 48 49 50 52 54 62 64 65 67 70 71 74 75 77 78 85 86 87 93 95 99 101 102 103 104 105 107
5 6 9 12 13 17 23 25 26 27 30 31 32 37 46 49 50 53 54 56 59 64 67 68 71 73 74 76 79 83 85 86 90 93 94 97 98 104 105
2 3 4 5 6 13 14 17 19 24 26 29 31 33 34 37 46 47 54 58 60 65 67 69 71 76 77 78 79 85 88 89 90 91 92 93 94 96 97 102 104 105
1 2 3 5 6 7 9 10 11 12 22 24 25 26 27 29 31 32 37 40 41 45 52 53 54 55 56 57 69 71 72 78 81 82 83 84 85 86 87 97 99
3 4 6 11 12 13 14 16 20 22 24 25 28 29 31 32 37 39 41 43 44 45 49 50 51 54 59 64 65 70 71 73 76 77 78 80 83 89 90 92 97 102 105 106 107
4 6 9 11 13 14 17 18 23 24 26 29 32 35 36 37 43 44 48 50 52 58 62 63 69 70 71 72 73 75 77 84 90 94 98 99 101 102 103 107
1 4 7 10 11 14 16 18 20 21 23 26 32 34 35 38 40 44 45 46 47 50 53 54 55 57 59 64 65 67 73 75 76 77 80 88 89 92 93 94 98 100 101 105 107
12 14 16 17 20 21 26 28 30 33 39 40 42 43 45 48 49 52 54 55 57 59 64 66 71 76 77 81 82 87 89 91 92 93 95 100 104
