1 4 5 9 11 12 13 14 16 17 22 23 24 26 29 30 32 34 36 38 40 43 44 45 46 47 48 49 50 51 54 56 60 61 62 63 65 67 68 70 71 72
4 6 9 10 16 19 20 21 22 25 26 27 28 30 32 34 35 36 38 40 43 44 45 47 48 52 57 59 61 62 65 69 70 72 73
1 5 7 10 11 14 15 16 17 18 19 20 21 22 23 26 27 28 30 32 33 35 36 39 40 42 43 44 45 46 48 49 50 51 54 55 56 58 59 62 68 70 72
1 2 3 7 8 9 11 14 15 16 17 18 20 24 27 29 32 33 34 36 37 39 40 41 43 44 45 48 50 51 52 54 55 56 58 60 61 62 63 68 69 70 71 73
1 8 10 12 13 14 17 19 20 21 22 23 26 27 28 30 31 34 35 36 40 42 43 46 47 48 49 51 52 54 56 59 61 63 65 66 67 68 70 71 72 73
1 3 4 5 6 9 13 15 16 19 20 25 26 28 29 31 33 36 37 38 39 40 41 44 47 49 50 52 54 55 56 57 62 63 64 65 67 68 70 71 72 73
2 3 4 6 7 8 9 10 11 12 13 14 15 19 21 22 23 24 26 28 29 33 36 37 39 40 43 45 46 48 50 51 52 54 55 56 57 58 59 64 65 66 67 68 69 72 73
4 7 9 10 12 14 15 16 18 20 21 24 27 28 29 32 33 34 35 36 38 41 44 46 48 49 51 53 54 55 56 57 59 62 63 64 69 70 71 72
3 8 9 10 11 13 15 16 17 19 21 22 23 24 27 29 33 34 36 37 39 40 41 44 46 47 48 49 50 54 56 59 61 62 64 65 66 67 68 72
2 5 6 10 12 13 15 16 18 19 21 22 23 24 25 26 27 28 29 30 31 33 35 36 37 38 39 43 44 46 47 49 50 51 53 56 57 58 60 61 62 63 64 65 67 68
1 2 3 4 9 10 12 14 16 19 20 21 22 25 26 27 32 33 35 36 38 39 40 41 42 43 45 47 48 52 53 54 56 57 58 60 61 62 63 64 65 66 68 69 72 73
2 3 4 5 6 7 8 12 15 16 17 18 19 24 25 29 32 34 38 39 40 42 44 45 46 47 48 51 53 54 55 56 59 60 63 64 65 66 67 68 69 71 72
5 6 8 9 10 12 13 15 16 17 21 22 24 25 27 29 30 31 32 33 37 39 40 41 42 44 45 46 49 52 55 57 58 61 62 63 64 66 69 72 73
3 9 10 12 16 18 19 22 24 26 29 30 31 32 33 35 37 38 39 40 41 42 43 44 46 47 48 51 53 55 56 57 60 61 63 65 66 67 68 70 71 72 73
1 3 4 5 8 9 10 11 13 15 16 20 21 22 23 24 25 27 28 29 34 35 38 40 41 42 44 45 46 48 50 51 52 55 58 59 60 62 63 69 72 73
1 3 4 6 7 8 14 15 16 25 28 31 34 39 43 44 45 46 47 51 53 54 55 56 57 59 60 63 64 66 68 69 72 73
1 2 3 4 5 7 9 10 12 13 14 16 17 19 21 22 23 25 26 28 30 31 33 34 37 38 39 40 44 45 49 50 52 54 56 58 59 62 63 66 70 71 72
