1 2 3 4 5 6 7 8 10 12 14 15 17 18 22 24 27 29 30 32 33 35 36 37 39 40 43 45 49 50 51 56 57 58 61 62 63 64 65 68 69 71 74 75 77 79 81 85 87 88 90 91 93 94 95 96 98 99 101 102 104 106 107 108 109 111 112 113 116 117 118 119
1 2 4 7 8 9 10 11 12 13 14 15 16 17 18 21 23 27 28 30 32 33 36 37 38 39 42 43 44 45 47 49 50 51 55 59 60 61 62 64 66 67 69 71 72 73 76 79 81 84 85 86 87 89 94 96 97 99 100 101 102 103 104 108 109 110 111 112 114 116 117
1 2 3 4 5 7 8 10 13 14 16 18 25 27 28 30 32 33 34 35 36 37 39 42 45 46 48 49 51 52 53 54 55 57 58 59 62 63 65 67 68 69 70 72 73 75 78 80 81 84 85 86 87 90 92 93 95 96 97 98 99 100 101 104 110 111 112 116 117 119
2 3 4 5 6 9 10 14 15 16 17 18 20 22 23 25 26 27 28 29 31 34 41 44 47 49 50 52 54 56 57 58 59 60 61 62 63 65 68 69 74 76 77 78 79 80 81 82 85 86 88 89 90 91 92 93 94 95 96 98 99 100 101 104 107 109 111 112 113 114 115 116 118 119
1 4 5 6 7 8 11 13 14 16 19 21 22 23 25 26 27 28 29 30 31 33 35 36 37 38 40 41 43 45 47 53 54 58 59 61 62 63 64 65 68 69 70 71 72 74 75 76 77 80 83 85 86 87 88 89 92 93 94 97 98 99 101 104 105 112 113 114 116 117 118 119
2 4 7 10 11 12 13 15 16 18 19 21 22 23 24 25 26 28 29 30 32 33 34 37 40 42 44 46 47 48 49 51 52 54 55 57 59 60 61 64 66 68 71 72 73 74 75 78 80 81 83 86 91 92 93 96 98 99 100 102 103 104 105 107 110 114 115 116 117
1 4 5 9 11 12 13 15 16 21 23 25 27 29 31 32 33 34 35 36 37 38 40 42 45 46 47 48 49 53 55 56 57 58 59 60 61 62 64 65 66 68 69 70 79 80 81 82 85 88 89 90 91 92 93 94 96 97 98 99 100 101 102 104 105 106 107 110 111 112 115 116 117 118 119
1 2 3 5 8 9 10 12 15 18 19 20 21 22 23 27 28 29 31 32 34 37 38 39 42 51 53 56 57 59 61 62 64 65 66 70 71 72 74 75 76 77 79 80 81 83 84 85 87 89 90 91 94 96 97 98 99 100 102 105 106 109 110 112 113 115 116 118
2 5 7 8 9 10 12 14 17 18 19 20 21 23 24 26 27 28 29 32 34 36 38 39 42 44 45 46 47 49 50 51 53 54 56 58 59 61 62 63 64 65 66 67 68 70 71 72 75 76 80 82 83 86 88 89 91 92 94 97 99 103 104 105 107 108 113 114 116
1 4 5 6 7 8 10 11 12 13 14 15 17 18 19 20 23 25 27 28 30 31 32 33 35 38 39 40 41 43 45 46 47 48 50 51 52 53 54 55 56 57 58 59 60 61 64 65 66 68 69 71 72 76 78 82 83 84 86 89 91 92 93 95 96 98 101 102 104 105 106 107 110 111 114 116
2 3 6 7 8 10 12 15 16 17 18 21 22 24 25 27 29 30 34 35 38 45 46 48 49 55 56 57 58 59 61 62 63 64 66 67 68 69 70 71 73 74 77 80 81 82 83 85 86 88 90 91 92 93 94 95 96 98 99 100 102 105 106 108 109 110 111 112 114 118
2 3 4 5 8 9 10 11 13 14 15 17 18 22 23 24 26 27 31 33 34 35 36 38 39 46 47 48 49 50 52 55 57 58 59 61 62 63 64 65 70 71 72 74 76 77 79 80 81 83 84 87 90 93 96 100 101 103 106 107 108 109 111 114 115 116
2 4 5 6 8 11 12 13 15 16 17 18 21 23 24 25 31 34 38 39 40 41 42 45 47 48 51 52 54 56 57 59 60 62 63 67 69 70 71 72 73 74 75 76 77 78 80 81 84 86 87 88 91 94 95 96 97 98 99 101 104 105 106 107 108 109 110 112 113 114 116
1 2 5 6 8 9 13 15 16 17 20 21 23 24 25 28 29 30 31 32 33 34 35 36 40 44 46 48 49 50 51 52 53 54 55 57 58 59 60 61 64 66 68 69 70 71 73 78 79 82 85 86 87 88 90 91 92 96 97 98 99 100 101 102 103 105 106 107 108 109 110 112 113 117
1 2 4 6 7 8 13 14 17 18 19 21 22 23 24 27 28 29 30 31 32 34 36 37 42 43 44 45 47 50 51 52 54 56 59 62 63 64 65 67 69 70 71 73 75 77 78 80 81 83 84 85 87 89 90 92 93 94 97 98 99 101 103 106 108 110 114 115 116 118
1 5 8 9 11 13 14 15 16 17 20 21 23 24 25 26 27 28 29 33 34 37 38 40 41 42 43 44 48 50 51 52 56 58 59 60 63 65 67 71 73 74 75 77 78 79 80 82 84 85 86 87 88 89 90 92 95 97 100 102 104 105 106 107 110 111 113 114 115 116 117 118 119
1 2 4 6 8 10 12 13 15 16 18 19 20 21 22 24 25 27 30 31 34 35 36 37 41 42 43 44 46 47 49 50 51 52 53 54 55 56 58 59 60 63 65 66 67 68 69 70 71 73 78 79 80 81 82 88 89 90 91 92 93 94 95 96 98 100 101 102 104 105 107 108 109 111 112 113 115 116 118 119
1 2 3 4 7 10 13 15 16 17 19 20 21 22 23 24 25 26 29 30 32 33 34 35 39 40 41 43 44 46 47 48 50 55 56 58 59 60 61 62 64 65 67 69 71 72 75 77 78 79 80 81 86 87 89 90 92 93 99 100 103 105 106 107 108 111 112 115 116 118
3 5 7 8 9 11 12 13 15 16 18 19 22 25 27 31 34 35 36 37 40 41 43 44 46 47 48 51 52 56 57 59 60 63 64 66 67 72 76 78 79 80 81 82 83 85 87 89 90 92 95 97 99 101 102 103 105 107 108 109 110 112 113 114 115 116 117 119
1 3 5 6 7 8 9 11 14 15 16 17 18 19 20 21 22 23 26 27 28 29 30 33 38 39 40 43 44 45 47 48 49 50 51 52 54 55 59 60 61 63 64 65 71 72 74 76 77 78 80 81 87 90 91 92 93 95 96 98 99 100 101 102 104 105 106 108 109 110 112 113 115 116 119
