2 5 6 7 8 10 11 16 17 28 33 42 44 45 53 61 62 63 77 78 79 88 90 92 95 101 104 105 106 109 113 116 119
14 15 19 21 25 30 31 35 36 38 42 43 45 49 54 57 64 69 72 75 79 81 82 91 92 94 100 108 111 112 117 119
1 8 9 14 15 19 26 29 30 33 36 38 41 53 57 61 73 76 78 80 82 83 84 98 102 108 109 111 112 116
1 4 5 8 19 21 34 35 39 40 42 48 53 54 64 65 66 68 71 75 76 84 88 89 91 93 95 104 110 113 114 116
8 13 16 17 18 19 24 28 32 36 39 40 48 57 61 63 65 66 71 76 90 99 107 118
3 5 11 12 18 25 27 29 35 40 43 44 51 54 64 67 73 77 93 97 98 100 104 109
3 5 6 10 16 22 23 27 32 43 45 46 51 59 65 71 84 86 88 92 94 104 105 106 116 117
2 3 4 8 18 19 22 26 31 33 35 38 45 47 49 50 54 56 61 63 66 68 72 73 80 83 88 101 104 116
1 6 9 12 17 20 22 24 27 29 30 31 32 37 39 41 47 49 50 54 58 60 63 64 70 72 83 87 99 104 106 107 110 112 114 116 117
2 4 5 8 11 15 16 18 20 27 35 39 44 53 57 58 59 61 62 65 68 72 76 77 78 82 92 111 112 114 118
1 2 10 11 13 14 17 19 23 26 31 38 41 44 46 51 53 56 57 59 60 61 62 69 74 75 79 83 87 89 95 96 98 101 102 105 113 114 115 117
2 6 7 12 14 15 17 19 21 22 27 29 30 35 40 47 49 58 61 63 64 67 81 83 89 90 94 101 102 108 113
1 2 7 9 11 18 27 28 30 39 46 48 49 50 64 65 67 73 78 90 91 94 100 101 102 104 109 114
2 5 7 9 15 33 34 36 51 52 58 60 66 67 69 71 73 77 84 88 89 90 98 107 108 110 111 112 116 118
3 4 11 17 18 21 25 41 46 55 57 58 59 61 62 65 66 68 69 75 78 80 84 88 91 95 100 103 104 106 108 113 119
9 10 19 21 24 31 33 37 38 42 44 46 48 62 65 67 68 73 74 75 76 88 91 94 102 104 105 107 108 109 116 119
3 12 17 18 22 23 26 30 40 42 50 52 54 55 59 60 65 69 71 72 83 88 93 94 95 97 101 104 105 108 111 113 118
2 3 10 16 17 19 22 23 24 41 44 45 48 54 57 63 64 65 66 68 69 70 82 89 95 98 102 103 111 112 114 118
6 7 21 30 33 43 45 48 52 53 55 56 59 60 61 63 69 70 75 76 78 80 84 92 94 95 101 104
1 6 12 14 19 22 24 29 30 31 40 51 70 73 77 80 86 87 97 105 110 113
3 4 7 18 20 23 26 33 37 38 45 46 48 49 56 63 67 68 69 73 75 76 79 95 97 99 108 111 114 116 118
5 6 8 11 16 18 23 27 28 30 32 33 37 38 43 48 56 71 72 75 83 86 91 100 106 110 113 115
1 6 12 14 17 20 36 37 39 44 47 48 51 55 56 58 59 62 64 72 82 99 103 105 106 111 119
7 8 17 18 19 22 42 50 51 53 54 55 61 64 65 69 70 71 83 90 93 95 101 103 108 112
11 13 14 15 16 23 25 33 36 43 48 60 61 64 66 68 75 76 85 88 91 92 93 94 95 98 99 106 108 118
