6 9 13 15 20 23 24 27 28 29 35 39 41 42 43 45 46 48 49 50 51 62 63 71 75 78 81 85 86 92 95 97 99 108
4 7 13 15 19 24 25 27 32 40 44 45 47 52 54 55 56 59 61 67 68 69 70 71 73 75 81 85 90 96 98 101 105 106 107
4 16 17 19 21 27 34 37 42 47 49 51 52 57 61 63 64 66 67 71 72 74 89 90 93 94 99 101 103 108
1 2 3 13 16 19 29 33 35 36 38 48 49 54 55 57 63 64 73 77 82 93 94 98 100 102 105 106 107 108
10 17 19 20 26 28 32 33 34 41 42 45 51 55 58 60 63 64 66 67 71 72 74 76 83 84 87 94 96 101 104 108
10 19 25 28 30 34 36 38 40 41 44 45 48 53 56 57 61 63 76 78 81 83 84 87 92 95 98 103 108
3 9 12 14 17 23 27 28 30 31 32 40 47 51 55 62 65 70 74 77 78 83 86 92 93 95 96 99 100 103 105
1 3 8 11 14 18 20 24 29 32 38 44 46 47 51 52 55 60 62 69 76 80 84 85 86 89 91 92 98 99 104
1 3 5 7 12 14 22 23 24 27 29 30 33 34 38 42 45 46 47 50 56 59 61 62 63 65 67 68 69 70 72 75 77 83 84 86 89 95 99 100 102 107
3 12 13 14 20 22 23 24 29 37 38 41 50 53 55 62 65 66 67 68 69 71 73 77 81 87 89 92 93 94 96 97 99 102 108 109
1 11 12 14 16 17 25 26 37 41 47 50 51 54 57 58 59 60 62 67 70 72 74 75 80 81 82 84 86 89 97 98 99 100 103
1 3 6 8 9 11 12 15 17 19 25 34 35 37 44 45 47 48 53 55 58 59 60 63 67 72 75 76 77 80 87 93 101 103 104
38 41 45 51 62 63 64 65 72 75 76 82 88 95 109
5 14 15 21 23 33 35 38 41 43 46 47 50 51 53 54 60 62 65 68 72 74 75 77 84 86 87 91 93 95 97 106
2 6 10 13 18 21 22 23 28 29 31 37 38 41 42 48 53 57 66 76 83 84 85 88 89 90 92 95 100 101
2 4 12 16 17 18 19 24 28 32 36 40 43 47 51 53 55 57 60 62 66 67 71 73 74 80 81 83 87 90 93 96 97
3 4 7 9 11 14 18 20 23 27 32 34 43 44 49 50 52 54 61 64 71 75 79 80 86 90 91 93 95 101 103 107
