2 6 11 16 18 24 25 29 45 47 50 51 53 54 55 61 63 64 66 72 73 79 82 83 84 90 91 93 94 105 108 112
1 2 3 10 12 14 18 19 21 22 23 27 28 30 33 39 43 47 52 53 56 59 67 68 73 78 82 83 86 87 89 91 106 108 109
2 5 16 20 26 27 29 30 33 35 38 40 44 49 53 55 58 64 68 70 73 79 86 89 96 97 102 103 106 110 111
1 2 6 15 17 18 20 26 31 33 41 56 64 65 66 72 73 74 78 80 84 85 86 88 93 95 102 103 106 107 108 112
2 7 13 14 16 19 21 25 27 32 34 38 39 46 48 52 54 61 73 74 77 79 82 87 88 91 92 94 95 97 108
11 12 17 20 22 24 27 32 36 40 41 45 55 57 59 62 64 67 80 87 88 92 97 101 105 106 109 111 112
2 3 5 12 15 17 21 23 24 26 29 32 37 39 50 51 52 53 54 58 60 64 71 72 76 83 89 90 94 98 100 105 108 110
1 6 12 17 20 30 34 35 37 38 40 50 51 54 55 57 59 61 65 66 70 71 73 77 78 83 84 89 100 101 104 109 111
4 6 7 11 19 20 32 33 34 35 36 43 44 45 46 48 55 58 61 62 71 72 75 77 80 82 83 84 85 91 93 94 97 98 99 102 104 109 112
5 8 14 21 23 24 31 33 37 43 46 48 60 61 65 66 68 69 76 83 88 90 91 95 98 101 107 109 112
1 2 4 7 10 11 14 16 18 21 25 27 29 30 35 38 40 41 45 49 57 59 62 65 66 67 71 76 77 79 80 84 89 90 92 111
1 11 19 21 25 29 30 32 35 37 40 44 50 51 52 67 69 70 74 77 80 81 87 90 99 100 103 107 108
5 6 9 10 11 12 14 20 21 23 24 25 27 30 31 35 37 38 39 40 47 50 53 56 59 62 69 75 76 82 86 92 93 97 98 103 108
3 5 6 7 8 16 21 25 32 33 36 44 47 52 56 57 71 73 77 78 79 81 83 85 89 94 104 112
2 3 5 14 15 16 23 25 26 32 38 40 41 42 47 48 49 51 54 59 63 67 71 75 78 80 83 89 94 96 97 99 104 106 109
4 13 18 29 30 34 44 45 47 49 54 61 67 76 77 80 81 85 96 97 98 100 110 112
4 5 10 14 18 19 22 26 32 35 41 42 43 47 49 55 56 58 60 61 62 64 69 72 73 76 77 79 81 83 89 92 93 97 99 102 105 106 108
12 15 19 20 22 27 28 29 30 39 41 42 48 55 57 61 64 67 68 70 73 75 79 90 94 97 99 101 102 106 108
1 5 7 11 14 18 21 24 25 29 30 33 39 40 42 43 44 48 55 61 67 72 73 74 76 79 83 84 86 88 93 96 97 110 112
7 9 12 16 17 19 20 22 23 31 39 50 51 58 63 64 66 67 71 72 73 74 75 82 85 87 88 90 97 101 102 112
1 8 17 20 24 28 29 32 33 34 41 43 48 52 53 57 59 66 67 68 70 72 74 76 79 80 81 83 85 87 89 94 101 106 107 108 112
4 8 10 12 15 17 20 23 24 29 32 34 46 47 56 57 58 60 63 64 70 71 75 76 78 84 87 88 98 100 105 112
3 4 11 17 20 24 31 32 33 37 41 43 45 48 56 61 67 71 72 74 76 80 82 85 98 101 104
8 9 10 13 15 16 17 30 34 37 39 45 46 47 51 52 53 54 58 59 62 63 68 71 77 78 81 83 88 90 92 93 95 102
1 2 4 5 7 8 17 22 30 33 38 39 40 44 46 53 55 60 62 66 69 74 75 79 80 81 83 91 92 97 101 102 103 105 106 110 111
8 9 18 22 25 26 27 28 31 33 34 39 41 45 47 48 49 50 52 55 62 63 72 73 80 86 87 88 89 95 98 100 101 107 109 110
2 4 6 8 10 11 13 15 18 20 23 24 31 32 34 42 43 50 52 54 60 63 66 80 83 97 99 100 102 104
4 12 19 22 26 28 31 34 35 37 46 51 54 55 56 58 65 67 82 87 91 99 102 106 108 110 112
3 5 7 12 13 17 18 21 27 28 29 31 32 34 36 52 60 63 66 69 74 80 85 86 91 92 94 95 99 102 108
9 13 14 16 21 22 26 31 34 35 39 57 59 62 71 75 78 80 81 82 88 94 98 103 104 105 106 111
3 4 6 14 19 22 28 29 30 31 32 37 38 45 49 53 60 62 63 64 66 70 76 81 85 88 91 93 95 97 102 107 108 109 110 111 112
1 3 4 12 14 17 21 29 31 34 36 37 41 44 47 53 54 56 58 61 64 67 70 71 74 75 80 81 82 85 88 90 91 93 96 101 105 106 111
3 7 9 11 12 14 15 19 25 26 28 30 31 36 37 45 54 56 67 68 69 70 79 85 89 90 91 93 95 98 100 104 105 108
7 10 21 35 38 45 46 47 48 52 53 63 65 69 75 76 79 82 84 89 92 96 98 101 102 104 107 109 110
8 11 15 19 20 27 32 34 39 46 50 51 54 57 60 62 63 68 74 75 79 80 82 88 93 95 97 99 102 108 111 112
1 8 9 17 18 21 22 24 30 31 34 46 51 57 69 70 71 72 78 84 86 87 97 105 106 109 111
3 4 9 13 14 18 20 21 23 29 30 31 32 34 37 39 44 46 49 51 58 66 68 71 73 75 77 80 81 83 84 88 90 92 102 108
5 9 13 16 18 25 26 30 38 39 48 49 51 52 60 69 71 73 76 77 80 90 104 106 108
10 20 22 30 38 39 42 47 55 56 57 61 63 64 68 71 73 80 85 89 90 91 92 96 97 102 107 108 109 110 112
3 8 10 12 13 14 18 23 26 31 33 36 40 41 45 46 52 57 58 60 63 71 73 75 85 87 89 92 96 98 101 104 106 109
2 3 4 9 10 15 17 37 39 43 47 50 54 60 62 64 70 71 82 86 93 95 97 99 104 105 106 108 111
9 10 11 12 15 16 31 33 36 38 40 43 46 48 50 53 57 62 63 67 70 74 82 86 93 94 96 97 100 102 107 110
