2 3 6 14 17 19 20 23 25 26 27 30 31 35 37 39 44 48 50 55 57 58 62 64 66 69
2 4 5 7 12 17 18 20 22 24 28 29 33 38 40 41 43 44 45 49 57 62 63 64 69
2 3 6 9 10 11 12 13 14 16 18 19 22 23 24 28 29 31 35 36 37 38 39 40 46 51 52 56 57 58 59 63 65 66 68
5 6 10 12 15 17 18 19 22 26 28 31 32 33 34 42 45 50 52 53 54 55 56 60 63 65 67
1 2 7 10 11 12 16 19 24 31 34 38 39 40 41 43 46 47 53 54 58 60 61 63 67 68 69
1 7 8 12 15 16 17 18 23 24 25 26 28 31 32 33 38 40 41 42 51 52 56 57 64 65 67 69
3 4 7 10 16 17 18 22 23 24 25 27 28 31 32 36 37 41 43 46 47 48 49 51 52 54 58 61 62 65 66 67 68 69
1 2 3 4 5 7 9 11 14 15 16 18 19 20 22 23 25 26 28 34 37 38 39 40 42 44 45 47 49 51 53 54 55 58 60 62 63 65 66 68
4 6 7 8 10 11 14 15 18 22 25 26 27 28 29 30 31 33 34 36 37 38 41 42 46 47 51 57 60 61 62 64 66
4 7 8 12 13 16 17 19 20 21 26 28 29 30 33 34 37 40 41 43 44 45 46 48 51 52 53 55 56 58 59 60 63 64 65 66 67 69
