1 5 12 13 15 18 22 26 33 35 36 37 39 42 52 54 55 60 61 67 75 79 80 81 82 84 95
5 10 11 14 15 17 20 21 25 26 27 29 30 31 33 34 42 43 48 50 53 54 56 57 58 59 65 71 72 74 77 82 83 88 94 95 96
1 2 3 4 5 14 20 21 28 32 33 38 39 40 41 43 47 48 59 60 61 68 69 70 72 73 77 81 85 88 89 90 91 95 97
5 7 9 10 11 14 15 26 28 30 32 33 39 48 49 54 56 59 66 67 70 72 74 85 87 92 95
1 3 5 7 10 12 13 16 20 34 39 40 42 52 53 55 56 57 62 66 67 68 69 70 76 81 82 84 86 87 88
1 4 7 17 18 24 33 34 40 41 47 50 56 57 62 63 68 70 74 75 78 82 83 84 93 96
7 12 15 17 18 19 20 21 23 26 33 34 38 42 44 45 51 54 55 57 61 62 65 66 68 72 77 81 88 91 92 93 97
2 4 13 14 15 16 25 26 32 33 34 37 39 41 51 57 59 60 63 64 65 70 72 74 75 78 80 82 85 93 98
4 9 12 16 17 19 20 23 28 29 30 33 36 38 40 42 44 48 49 51 52 53 54 60 65 69 70 75 77 79 82 84 86 92 94
1 2 5 7 9 10 13 16 24 27 28 33 35 36 50 52 53 54 57 62 64 66 67 68 69 73 75 79 84 86 88 95 96 98
1 6 9 18 20 21 23 24 25 26 29 31 32 38 50 59 63 65 66 67 71 73 74 75 77 79 86 88 91 92 95 96
2 3 4 8 10 15 16 25 41 42 43 44 45 54 55 57 58 65 66 67 70 72 78 81 83 86 91 94 97
11 20 25 27 29 31 32 39 42 44 45 47 52 59 60 63 64 65 68 69 72 76 79 83 90 98
4 5 6 7 8 9 11 14 22 25 29 30 31 35 36 40 42 43 46 53 62 67 72 73 74 76 77 80 85 86 87 89 93 95 97
9 10 11 12 15 17 18 24 28 29 30 40 42 46 48 51 52 56 58 62 68 72 74 80 82 90 91 92 93 97 98
5 8 9 11 16 23 24 27 32 34 37 39 41 42 46 47 51 57 58 59 62 63 64 74 77 78 80 82 84 87 92 95
9 11 14 15 24 28 38 44 45 47 50 55 62 64 66 69 74 75 77 81 91 94 95 98
2 7 8 10 13 14 15 16 17 18 19 21 23 24 25 32 35 36 37 38 44 46 51 54 55 59 63 65 69 72 77 81 83 84 93 95
3 7 9 10 18 23 28 30 31 34 35 38 39 46 47 55 57 58 59 67 81 85 88 89 93 94 97
1 2 5 15 16 18 26 34 35 42 44 48 58 61 62 64 66 72 77 79 83 84 86 87 89 91 92 93
4 9 17 18 19 27 34 35 37 42 43 47 48 51 55 59 64 68 69 73 78 79 83 94 95 96 97
2 3 8 12 15 18 21 24 27 28 30 31 32 33 34 38 39 41 42 44 45 48 50 53 54 55 56 57 58 59 62 63 66 71 72 80 82 84 85 87 90 93 95
1 6 8 12 18 20 23 24 26 27 28 36 38 43 45 48 49 55 58 64 65 69 70 71 72 78 80 84 85 91 95 96 98
3 6 8 10 12 17 21 22 29 37 38 40 41 42 44 45 46 48 54 55 62 63 64 68 70 75 76 81 82 91 94 97 98
1 6 8 10 15 18 20 23 26 27 29 36 43 45 52 53 59 60 62 67 70 71 75 78 79 80 81 83 85 89 90 94 96 98
1 2 3 7 10 19 23 28 31 33 35 48 51 54 60 65 67 69 71 74 77 78 80 83 87 93 94
6 7 13 20 22 24 26 27 29 30 34 36 37 40 43 45 54 60 61 62 63 67 71 72 74 76 78 80 85 89 91 93 95
3 4 11 14 15 17 25 29 30 44 45 46 47 49 52 56 61 62 65 66 70 72 74 78 79 84 88 92 96
3 4 6 9 11 19 20 21 22 23 26 31 37 40 41 44 45 49 53 54 57 66 69 73 78 82 84 87 89 90 94 95
3 7 13 15 19 22 25 26 27 28 29 33 42 44 47 50 53 54 57 59 61 66 67 70 71 76 79 84 92 94
3 4 6 10 12 15 18 21 22 24 25 27 32 33 35 36 44 46 47 51 57 63 67 69 72 80 82 85 92 98
1 2 5 8 9 11 16 17 28 30 31 36 38 39 41 42 43 49 50 51 63 69 70 80 82 85 89
2 5 6 10 12 14 16 23 36 43 47 48 52 53 56 58 59 64 67 71 72 73 74 76 78 79 82 87 89 90 91 92 94
9 10 14 16 17 20 23 25 29 30 40 42 43 45 53 54 55 59 65 67 68 69 74 83 84 85 87 89 95
