8 9 12 13 16 18 19 21 30 31 32 34 35 37 42 43 45 47 49 52 56 57 58 64 69 72 76 79 80 81 83 86 87 88
1 2 12 14 15 18 19 20 21 23 25 27 36 38 42 44 47 49 50 52 53 55 56 58 59 63 64 66 67 70 75 80 82 84 85 87
1 5 6 9 15 16 17 18 19 20 21 23 25 26 28 30 31 35 42 44 47 49 55 64 66 71 75 77 78 80 87 89 90
1 2 7 11 14 21 22 23 25 29 30 32 33 40 42 46 49 50 51 52 57 58 60 65 74 77 81 87 89
1 5 7 8 13 15 16 20 21 24 25 28 29 31 34 35 39 41 43 46 48 49 51 54 57 64 65 68 69 71 74 76 77 87
7 8 10 11 15 16 18 19 23 24 25 30 32 34 38 39 41 44 45 46 47 49 50 51 57 60 63 66 67 70 74 75 77 78 79 81 83 86
3 6 11 12 14 16 17 24 28 40 42 44 45 48 49 51 53 61 62 65 67 69 70 74 76 78 81 82 86 89 90
1 5 11 12 15 17 23 24 26 32 33 34 36 44 45 47 49 52 55 56 57 59 61 65 69 71 72 77 80 83 87 88 90
5 6 7 8 9 13 16 17 18 21 22 24 25 26 28 29 30 33 34 37 38 39 40 43 48 49 50 53 55 56 57 59 60 61 63 70 77 81 84 85 89 90
1 3 7 16 19 27 28 29 30 31 34 37 44 49 54 55 56 63 66 71 72 75 76 77 78 82
2 3 9 17 18 20 26 27 28 29 30 32 39 40 43 53 56 57 60 62 64 65 66 68 70 72 75 76 77 78 86 88 89 90
1 2 5 6 12 15 16 17 20 23 28 32 35 36 37 46 51 57 63 64 66 68 69 73 74 77 80 85 87 89
10 11 12 19 35 38 39 40 42 47 50 51 57 59 61 63 67 69 70 72 73 76 77 78 80 88
1 8 9 22 25 29 33 34 35 39 42 43 47 50 53 54 56 60 61 62 63 70 72 73 74 79 82 85 89
3 15 16 17 19 21 23 28 31 32 33 35 39 45 47 48 49 51 52 57 58 68 69 71 72 74 77 78 80 81 84 87
2 4 5 8 10 20 21 24 29 30 35 38 43 46 48 49 51 54 55 57 63 64 66 70 72 75 78 80 81 82 85 90
1 4 7 11 13 16 19 25 27 31 33 34 35 42 43 44 46 47 51 54 55 58 61 63 64 67 68 70 71 76 82 85
5 7 8 11 13 19 20 25 26 32 33 39 44 47 49 53 54 55 56 57 61 64 65 68 69 71 76 79 83 86 88
2 3 4 5 6 8 18 21 22 24 25 27 33 38 39 40 41 42 44 46 49 50 57 60 61 62 63 65 68 72 74 75 76 79 83 85 90
3 4 15 16 18 21 27 30 37 40 43 44 46 47 50 61 63 67 70 73 74 77 80 81 82 86
4 6 11 12 14 16 18 20 21 23 24 25 26 27 29 31 32 40 46 48 50 51 54 56 57 60 61 66 67 75 78 82 84 85 88 90
1 3 6 7 11 13 14 15 17 26 27 28 32 34 35 37 38 39 40 44 49 50 55 57 60 67 68 73 75 76 84 85 86 87 88
1 2 4 15 16 17 22 23 24 28 31 36 39 41 44 45 48 50 53 59 65 66 67 70 73 81 85 86 90
6 9 12 14 15 18 24 26 27 28 31 34 35 37 40 42 45 57 58 62 65 68 69 71 72 76 78 83 85 88 89
4 9 12 17 18 19 21 26 27 28 31 36 41 42 47 48 54 55 58 63 64 65 66 68 72 74 79 84 86 87 89 90
2 5 15 17 18 26 28 38 39 40 42 46 47 48 50 52 54 55 56 58 62 65 66 67 68 70 71 78 84 86 87 88
1 2 3 4 6 7 8 9 14 18 23 24 26 31 33 34 35 37 39 48 49 51 55 59 61 62 64 65 67 69 74 79 83 87 88 90
1 3 8 9 10 13 19 26 28 32 33 35 39 41 42 45 46 49 51 57 59 67 70 71 73 74 77 81 82 84 85
2 4 7 8 9 10 13 14 16 18 19 21 26 28 35 36 38 39 42 43 46 51 52 55 57 59 64 68 73 82 84
5 7 10 12 18 19 21 26 33 35 36 39 40 42 45 50 53 54 55 57 64 65 66 70 72 83 85
