3 5 6 7 8 9 12 15 19 21 23 26 28 30 32 33 35 37 38 40 41 43 46 47 48 52 56 57 58 60 64 65 66 67 68
2 5 6 7 8 9 10 13 14 17 18 19 20 26 27 28 29 30 32 35 37 39 41 42 43 44 52 54 65 66 67 68 69 70 71
3 4 5 6 9 13 23 24 26 27 29 32 33 35 37 38 41 43 44 47 48 49 50 52 55 56 58 59 60 66 68 71
2 5 6 11 13 14 20 22 23 27 28 29 32 34 38 41 44 51 52 53 55 56 59 60 62 67
1 2 10 11 12 13 14 15 16 17 18 19 22 23 24 25 27 28 29 36 38 40 41 49 51 55 56 57 58 61 63 64 65 67 69
3 5 7 10 12 13 15 17 18 19 20 22 24 27 28 29 30 33 34 38 41 42 43 49 50 51 52 55 57 58 60 61 62 64 65 66 68 70 71
1 2 7 9 10 15 17 18 21 22 23 26 28 34 38 39 42 43 45 48 50 54 58 59 61 62 63 64 66 67 68 70
1 2 4 5 6 9 10 11 19 20 21 23 30 31 32 33 35 37 39 41 48 50 53 55 56 58 59 60 61 63 64 65 66 67 69 70 71
3 6 7 8 9 14 15 18 19 20 22 23 25 26 28 30 34 37 42 43 45 47 53 55 56 58 66 67 69 71
1 2 3 6 7 10 11 12 15 16 18 19 20 22 25 26 31 34 36 41 43 44 47 49 50 52 55 56 59 61 62 64 65 66 67 68
1 2 3 4 5 6 7 10 11 18 21 22 26 27 30 31 34 35 36 39 41 42 45 53 59 61 62 64 65 66 68
3 5 7 8 10 11 13 14 15 18 22 24 27 28 31 36 37 44 45 48 49 52 56 61 64 65 68 71
1 7 10 11 14 15 16 17 18 21 22 23 24 25 27 28 29 30 32 33 39 41 44 47 48 49 50 52 54 56 62 63 67 68 69
5 6 10 12 18 19 24 28 29 32 34 38 42 43 50 51 53 55 60 61 62 64 67 68 69 71
1 3 4 6 7 8 9 10 11 12 16 17 19 21 22 23 27 32 33 34 35 38 41 45 46 52 53 58 61 62 65 66 68 70 71
1 2 7 8 9 10 12 14 16 17 21 23 24 31 32 33 34 35 39 40 42 43 45 46 47 48 50 55 57 58 60 62 63 64 65 67 70
1 2 4 5 9 11 12 13 17 18 23 24 27 29 35 36 38 41 42 46 49 52 53 54 55 57 59 63 69 70
2 3 4 5 7 8 10 11 12 13 15 16 17 21 22 23 26 30 32 37 38 39 40 41 42 43 46 48 56 57 59 64 65 66 69 70 71
1 4 7 9 12 13 14 16 23 24 31 36 38 39 41 46 50 51 54 55 56 58 63 64 69 70
7 8 10 11 13 14 15 16 17 19 20 22 26 28 30 32 33 35 36 37 40 43 44 49 50 52 55 57 58 61 62 63 67 68 71
1 2 3 4 5 6 12 13 15 18 21 23 24 25 28 37 39 42 46 49 50 52 63 65 66 67 68 69
1 3 4 5 14 16 17 19 22 23 27 28 30 32 33 37 38 42 44 47 48 49 50 52 54 55 57 58 61 63 66 67 68 69
1 2 4 7 10 11 14 16 17 18 20 21 24 26 27 31 36 38 39 40 41 43 44 45 50 57 58 61 63 64 65 66 70
1 7 8 14 15 16 17 19 21 23 26 27 28 29 31 32 39 43 45 51 55 57 61 64 66 67 69 71
5 7 8 10 11 12 15 19 20 22 25 26 30 31 34 38 39 41 42 44 45 48 54 57 58 59 60 61 62 63 64 65 66 67 68 69 70 71
5 6 7 8 12 16 17 23 26 27 30 32 33 34 37 38 39 40 41 42 43 46 47 48 55 56 57 59 60 61 62 63 65 66 68 71
4 5 6 7 10 13 14 15 16 18 21 22 25 26 27 29 30 31 33 34 37 38 40 41 42 51 55 57 59 60 63 69 70
2 4 5 7 8 10 11 12 13 14 16 18 19 21 22 23 24 27 30 32 33 35 37 41 43 44 46 48 53 58 59 61 62 68
1 3 4 6 7 9 13 18 20 22 24 25 26 27 28 29 31 33 34 36 37 40 41 42 44 45 48 49 50 54 58 62 64 68 69
1 2 3 4 5 7 9 16 18 19 20 21 22 23 25 26 29 31 33 36 38 39 44 46 47 48 49 51 57 59 61 62 63 68 69
4 6 8 9 12 13 15 18 19 28 30 31 35 37 40 41 42 44 47 49 51 52 55 59 61 63 65 66 67 69 71
1 5 7 9 13 14 15 18 19 20 24 25 27 29 30 31 32 33 36 37 38 40 41 43 44 51 52 54 55 58 59 61 62 65 67 68 69
3 7 8 9 11 16 17 18 22 23 24 25 29 30 31 32 34 36 39 42 44 48 49 55 56 57 60 61 62 63 65 66 67 68 70
