1 4 8 9 11 14 21 22 26 29 30 31 32 34 36 42 48 49 50 51 57 58 62 63 66 68 72 74 75 77
1 12 14 16 19 26 29 30 32 33 34 37 38 43 49 51 52 53 59 60 69 71 74 84 91
2 3 4 5 7 18 19 22 32 34 35 37 43 44 45 46 49 51 52 55 57 58 59 60 64 66 69 72 73 75 79 80 83 85 87 92 93
1 4 6 7 9 11 12 13 14 15 16 18 20 21 23 24 28 30 32 33 43 46 48 54 55 56 59 63 65 67 69 73 74 76 83 85 87 91
2 7 8 9 12 13 16 17 18 22 29 30 35 36 40 44 45 46 50 53 56 57 59 60 61 64 69 70 71 72 74 78 80 81 87
2 5 12 14 16 26 27 29 30 32 36 37 40 44 46 50 51 52 58 61 66 67 72 76 78 79 84 92
1 10 11 13 15 22 23 25 29 30 31 32 34 36 37 40 41 43 46 47 50 54 56 58 59 64 65 66 70 71 77 80 83 91 93
2 3 4 5 7 8 9 11 12 14 15 20 23 26 28 31 33 35 38 44 45 46 48 49 51 54 55 56 58 59 64 69 74 78 79 86 87 88 89 92 93
2 6 7 10 11 21 27 29 31 36 39 42 44 45 47 48 51 53 55 59 60 65 66 67 68 70 73 75 81 83 89
1 4 6 9 10 11 13 14 17 20 21 23 24 26 27 30 31 32 35 43 46 52 55 60 63 66 69 71 73 75 82 85 87 89 93
10 18 22 23 24 25 31 32 34 35 38 41 46 50 54 55 57 59 60 66 68 73 74 76 77 80 81 82 84 86 91
2 5 7 9 12 13 20 23 24 25 28 36 38 40 41 42 43 46 51 54 56 57 59 61 64 66 67 69 73 74 78 79 80 81 84 85 87
5 9 20 22 23 24 27 32 33 34 35 41 44 51 54 55 57 61 68 69 76 77 78 79 82 86 89
1 2 3 4 5 13 18 19 24 26 27 28 29 33 37 44 45 46 49 50 51 52 54 58 59 62 64 66 71 74 76 79 80 81 82 88 91 92 93
1 5 6 10 15 17 22 23 26 33 34 37 38 44 45 50 52 53 54 57 59 61 62 63 66 67 72 73 76 78 81 86 87 90
