1 3 4 7 8 9 10 11 12 18 21 22 23 34 37 39 41 42 43 44 47 49 52 55 56 58
1 3 5 7 8 9 11 13 19 20 24 26 28 29 31 32 33 35 38 39 40 44 45 49 51 52 53 54 55 56
2 6 7 9 10 14 15 17 19 20 21 22 23 24 25 27 28 31 32 33 35 37 38 39 40 41 43 44 45 48 50 51 52 53 54 55 56 58
1 2 6 7 8 10 12 14 15 16 17 18 21 26 27 28 30 32 33 34 36 38 39 42 45 46 47 49 50 51 52 55 57 58
1 2 4 5 6 7 9 10 11 12 21 22 23 24 28 29 30 31 32 34 35 38 39 40 41 45 46 47 48 51 54 55 57
1 3 6 7 9 11 12 15 17 19 20 25 27 28 32 33 35 37 38 39 40 44 45 47 48 49 52 53 54 55 57 59
5 7 8 10 13 14 15 16 17 22 25 29 30 32 33 34 40 41 43 44 45 49 51 52 54 55 56 57 59
3 5 8 9 10 11 14 18 21 23 25 28 30 33 34 35 36 38 39 40 45 50 52 54 57 59
1 2 6 9 10 12 14 18 19 20 22 24 25 26 28 29 30 32 33 34 35 36 39 40 41 42 45 46 48 50 51 52 55 57 58
2 3 5 7 9 15 20 21 22 24 27 29 30 34 35 36 39 42 43 44 45 47 48 49 52 57 58 59
2 4 7 9 10 11 15 16 17 19 24 26 27 28 29 31 33 40 41 42 44 46 50 51 53 55 56 58
1 3 4 6 7 9 10 12 16 19 21 24 26 27 28 29 30 31 32 33 34 35 36 39 40 41 43 44 46 47 50 52 54 55 59
1 4 5 7 9 10 11 12 13 14 15 16 18 19 21 23 24 25 28 30 31 36 37 39 40 41 43 44 46 47 48 52 53 56 59
4 5 10 12 15 16 17 18 20 24 28 29 30 31 34 35 37 38 39 40 41 45 46 48 50 51 52 55 58
1 2 3 6 7 8 12 13 16 17 18 20 22 23 24 25 26 28 29 30 32 34 36 39 40 42 43 44 45 46 47 48 49 50 51 55 57 58 59
2 3 4 5 7 9 11 14 15 17 19 21 23 29 30 33 36 37 38 40 44 46 47 48 51 52 53 54 56 57 59
1 3 6 11 13 15 16 17 18 21 23 26 27 28 33 34 35 36 38 39 43 44 45 47 48 50 51 52 53 56 57 58 59
1 4 6 8 9 10 14 22 25 26 27 29 30 31 32 33 34 36 38 39 40 42 44 45 46 52 56 57
1 2 3 4 5 7 8 9 10 12 13 17 21 22 23 27 30 31 32 34 35 36 37 41 42 45 47 51 54 56 57 58 59
1 2 3 7 9 14 17 21 23 24 25 26 28 30 31 34 35 39 40 41 42 43 45 46 52 53 55
1 3 5 9 12 16 17 20 21 23 24 27 29 32 33 34 38 39 41 42 43 47 52 53 54 55 57
1 2 3 7 10 11 12 13 14 16 17 18 19 20 21 22 25 26 27 28 30 31 32 33 34 35 36 40 42 46 48 51 53 57 58
1 2 3 7 8 10 11 12 16 17 18 19 20 21 22 23 28 29 31 33 38 39 43 44 45 47 48 50 51 53 56 59
