8 19 34 76
8 18 70 72 77
11 46
26 27
20
9 34 42
75
73
20
31 61
2 8 12 14 30 49 57 63 66 76
6 13 23
4 24 45 67
11 33 50 66
25 33 48
57
12
21
12 26 38 39
22 35 36 75
23 43 51 71
9
15 35 47
7 48
28 44 54 61 77
18
3 6 17 28
20 24 30
1 16 18 31 38 40 49 50 65 66 71
54 70
6
19 29
46 67
23
11 55
8 34 67
3 13 14 35 44 46 57 62 79
1 7 52 66 77
8 66 77
1 6 75
2 36 41 70 77
29 65 66
13
69
12 17 46 75
24 45 68 80
73
26 60
17
22 38 45 71 72
53
27 34 51 76
5 11 27 44 61 82
10 13 18 52 62 75
14
50
3 23 30 31 81
6 35
4 14 16 27 42 48 81
4 13 30 40 42 49 56 59 64 70 71 81
15 19 20 25 31 54
11
35
71
27 30 56
10 30 62 77
36
31 50 72
8 26 30 31 32 38 40 46 58 64 65 74
3 11 35 36 47 59 72
18
38
1 25 40 59 77 79
18 70
3 73
1 44 49 76
71
5 26 34 64
13 45 67
9 32 39 47 78
12
20 26 37 69 70 81
