9 13 35 37 45 46 50 78 87
42
2 6 79
8 31 32 47 54 55
58
27 57 73
4 10 74
30
1 2 44 48 52 59 74
68
19
17 38 40 80 84 87
7 31 35 87
9 10 22 43 57 68
5 46 68
36 54 79 83
4 31 79
49 50 53 55
24 28 29
13 27
40
8 26 33 55 81
16 17 20 23 26 29 36
1 28 43 63
1
2 36 63
39 55
60
76
11
4
6 24 58 63 73 74 77
46
17 24 71 78
78
26
10 25
37 43
41
16
4 15 70 84
54 61 65 74 85
42
13
41
56 61 67
24 50 70 77 81
2 6 17 43
66
17 34 39 71
3 17 48 57 63
3 12 50 68
21 42 47 54 64 69 76
30 31 49
16 17 53
24
9
6 69
69
20 33 78
43
7 11 19 20 23 29 37 53 69
8 32
8 11 15 28 35 47 63
77
4 21 44 49 66 79 83
17
8 24 58 65
23 30 58 81
11 27 65
72 75
10 49 64 77
8 34
30 56 58
22 30 49 59 72 80
1 35 63 82
6 14 16 26 33 41 42 53 57 62 65 70 80 87
34
46
1
7 8 21 29 34 36 43 63 65 68
56
52 53
60 64
50 64
33 74
18 26 51
7 25 30 36 37 54 55 80
10
37 41
31
11 26 37 40 46 50 53 83
71
8
43 80
70 80 81 83
19
57
42 45 59
15 43
67
41
15 78
29 54 57
30 51 85 87
26 81
20 52
30
4 24 67 69
14 15 21 25 38 39 40 52 59 62 66 85 87
15 78
40
2 6 11 20 36 46 74
66
28 64 80
6 20
20 29 32
47 49 71
26
6 11 13 18 33 52 55 68 74 81
1 44 55
18
2 5 28 36 44 83
10 18 25 29 40 74
32 74 85 86
