40
31
14 40 41 43 46 51 56 65 72 77
9 33 58 65 79
24 32 39 45 57
10
7 8 15 25 28
2 5 67 71
1 8 41 44
29
26 45
18
1 4 6 12 26 73 77
11 53
5 14 42
11 51 53
43
7 8 10 29 35 47 48 59
2 24 35
34 52
2 15 27 66 68
2 6 37 55
6 41 42 52 75
20 22 35 68 73
8 26 37 57
59
27 32
70
8 32 42 53 70
1 14 46 53 60
40 49 73 76
24
3 9 27 40 42 47 48 55 63
11 28 36 43 45
1 16 60 74
6 30 52 60
7 37 49 59 72
15
26
56
4 11 12 45 70
5 21 23 26 28 41 55 59
44
1 11 41 78
12 38 73
60
6 41 52 57 74
40 49 74 75
76
34 51 57 76
6 54 61 62
8 10 23
54
35 42 51
22
3 9 33 51
3 11 49 51 64 73 75 76
51 54
16 46 67 71
53 57 59 68 69
4 45 71
1 34 68 74
11 14 45 50 64 65 77
27
9 14 17 23 56 69
34
13 55 77
76
1
24
4 44 68 72
36 67
1 7 13 27 30 44 51 55 62
16
5
20 30 33 38 45 49 53 68 73
56 58
2 37 70
3 8 18 39 74
1 15
49 63
77
24
39
39
42 43 69
1 30
56 70
12 34 41 62 65 73
62
20 60
13 20 27 42 60 65 79
7 10 31 51 58 68 77
11 64 71
18 25 31 37 43 44 54 68 72
20 24 32 47 52 55 60 67 68 76
46
13 17 28 49 55 73
7 34 38 48 51 62 67
61
45
9 11 16 17 23 37 49
19 22 25 30 38 44 52
