15 23
42
3 14 17 25 52
21 41 54
11 26 39
23
20
29 39
23 35 41
6
2 39
6
7
2 15 16 19 29 33 38 40 46
20 25 50
46
6 7 31 35 36 37 43 44 49
36
8 12 13 22 24 27 39 45 54 55
3 11 54
21 33
15
25
10 50 54
53
3 8 9 21 24 30 33 37 48
3 5 7 12 20 21 22 34 40 44
34
3 7 21 28 41
13
1 24 43 54
36 51
31 53
2 9 21 28 30 37 52
2 14 21 32 40 46
31
25 30 32 37 44 52
21 48
21 36 44 46
17 28 42 48 50 52
3 22 33 38 42 49
6
6 16
22
7
5 11
14 38
3 12 13 34 53 55
6 18
18 27 40 43
10 43 44 55
49
42
19
48
15 29
26 39
16 17
14 17 19 21 22 23 34 36 38 42
38 52
6 24 32 48
5 11 21 22 32 35 36 44 50 54 55
10 32 52 54
8 9 14 15 20 24
18 25
9 22
20
20
6 7 9 11 14 28 31 40
4
7 20 25 33
19 24
11 13 18 28 43
13 16 21 25 30 50 55
30
17
42
41
13 40 52
42
19 39 46
49
13
22 54
21
23
16 50
26
8 21
7 37
10 16
38
36
43
45
35
2 29 31
2 17 43
25 27 36 40
29 35 46
9 21 30 42
1 7 17
10 14 15 21
10 37 50 55
8 11 15 34
26
22 35
37
9 10 18 35 40
10 14 24 29 34 41
13 31 39 40 44 52 53 55
4 31 44
10 29 31 40 51
31 54
22
19 25 45
20 25 55
29
20
3 5 32 41 43
28
13 26 28 47 48
