73
3 48 72
77
13 14 16 23 34 39 75
17 18
37
2 9 16 30 32 65 68 69 72
16 22 26 53 67 73 75
71
30
19 36 38 43 45 58 63
59
68
5
20 48 68
6 11 19 21 32 48 52 63
10 19 25 56 64 66 75
12 13
12 17 28 30
28 33 55 56 69
23
59
65
3 6 33 44 76
46
32 41 52 53 72
16
14 34 52
5 36 39 42
65 76
4 7 8 9 16 30 31 35 40 46 47 48 63 78
5 9 24 28 30 48 64
17 60
56
2 11 14 33
36
5 35 43 57 72 78
36 54 56 57 61 71
5 31 34 67 68
62 72
14 67 78
12 16 63 71
47
16 29 45 61 68
65
31 50 51 59
42 47 62 78
9 20 22 35 37 38 63 75
49
29
2 13 17 18 46 68 75
15 17 36 69
2 42 58 61 67
5 36 39 72
28 62 69
8 43
18
78
3
37
43 46 47 54 60 63 75
11
5 16 25 46 73
1 42 44 46 63 78
13 45 64
60
5 25 26
35
52 64
12 31 61 76 78
1 60 72
14 18 25
55
15 54
29 30 54 77
11 46
17 28 29 32 67
72
1 4 7 25 44 48 53 56 62 65
3 53
50 53
12
5
5 20 25 35 49 54 65
9 23
38 46 61 68 69
11 15 23 60
28 39
7 29 42 54 55 58
69 72
9
33 52
36 54
27 66 74 77
23 48
2 57 69
2 11 30 73
2 11 29 50 52 53 70
