15
14 40
12 13 24 26 31 37 40 46 47
37 45 50
54
15 25
15 47
15
25
44
49
8
30
4 6 42 43
14 17
9 21 31 36
15 37 43
8 12 14 23 37 44 53
8 12 33 38 52
13 34
45
35
11
8 54
13
3 30 34
9 12 24 25 31 34 37 41
43
46
8 44 54
6 29 39 41 47
3 41
9 14 17 27 44 47
8 12 14 30 32 54
8 21 51
5 7 11 16 25 36
2 11 21 28 39 44 45 46
25
5 10 30
22
11 27 42 50
3 8 9 12 15 30 32 33 37 41 44 48
14
41
3 13 29
26 27 30 46
29 31 43 48 50
25
1 3 10 19
8 17 32
18
8
52
29
2 6 10 19 35 36 48 53
23
15 17 36
5 13 16 17 24 29 39 40 53
16 36 45 51
7
7 12 25 28
9 16
12 39 47 48 54
19
7 26 34
9 36 46 54
1 4 7 17 20 54
