24
3
5 13 15 20 22 29 41 59 69
39 43 62 63
43
53 63
9 49 56 65
15
63 67
58
1 6 22 24 32 39 44 50 71
14 35
64
43 56 63 71
1 8 9 10 13 16 26 31 34 37 46 68
25 42 57 62 65
26 37 42
68
1 10 14 34 40 45
20
6 49
7 36
11 70
12
34
53
15 31 41 65
7 24 34 37
39
1 39 40 55
7
11 14 17 24 35 36 38 43 52 53 54 55 67
21 27 45 71
1 2 18 43 57
68
5 41 64
28 36 55 56
43
21 29 51 61 70
27 28 30 37 50
15
2 12 25 31
23 24 27 52 58
38
57
5 12 29 34 38 62
17 30 58 61
26
21
22 28 36
26 58
31 60
3 13 20 29 58
3 26 55
15 16 22 31 67
6 27 28
7 20 28 32 65 69
48
71
58 70
36 37 60
18 58
33 38
54 55 69
41
15
51
21 27 41 60 68 69 71
2 3 4 5 10 17 25 29 40 49 51 55
36
17
50
16
50
14
7
43
40
65
52 55
7 9 14 18 21 27 64
26 33 45
4 33 43
15 61 65
29 51 64
66
10 46
1 10 25 29 38 47 68 71
49
67
3 15 26 29 32 64
60
10 20 26 41
3 5 26 29 36 45 49 55 58 68
7
18 44
26
6 24 46 51 63 65
2 20
11
46
3 17 36 39 64
7 41 43
58
13 25
40 42 52
11 12 42 52 56 57 61 68
30 36
14
58 60
14 44 59
3 4 27 29 33 48 57
19 37
