98
101
103
9 53 61 68 70 83 90 97 102 110
20 22 45 80
38 58 82
85
19 84 111
37 45
17 22 59 108 110
38
29 34
37 76 83 103
77 95
5 11
33 50 86 88
14 35 48 55 62 68 85 96 111 113 115
2 41 67 110
100
44 51 99 103
37 46 83
19 67 90 95 107
7 14 36 45 50 79 95 100
90
1 5 9 24 45 74 81 85 97
73 83 99
25 48 49 66 71 111
2 43 61 63 83 87 98
90 105
2 63
62
114
3
91
59 82
31 38 49 88 107 111
99
107
40
23 52 71
31 66 79
113
37 78 84 98 103
16 32 94
80 88
13 72 102 109
27 32 41 68 80
5 31 104 108
70
19 28 35 38 41 100
2 34 45 66 86 98 108
27 57 74 82 94
2 86 114
86
26
10
91
3 6 28 30 31 59 72 85 87 93 94
80
115
45 46 66 86 94 96
3 27
5 64 72
5 11 16 24 56 68 69 79 92 106 113 115
48 80 85 97 98 101 103
52 69 81 98
104
36 83 111
21 65 75 88
103
5 20 38 45 53 66 78 82 84 101
11 13 24 43 98
30 45 46 113
24
39
41
28 34 66 115
12 28 49 58 100
56 69 74
25 45
4 91 109
45 65
38 46 92
16 41 44
38 49 64 71 97
30 55 71 85
36 51 57 69
112
38 68 82 92 113
52
45 97 102
10
61 79
74
25 82
15 18 27 43 56
38 55 101
53
28 75 103
16 17 26 53 79 94
14
75
43 69 114 115
15 22 27 29 40 84 95 105 106
57
1 2 25 28 35 37 48 52 62 88 99 111 115
16
20 30 54 63 84 95 115
6
17 62 80 95
4 15 16 19 33 79 95 102 110
67
14 27 34 35 56 63 66 74 77 102 103
13 15 36 47 85 91 102 115
48 104
41 96 101
14 19 37 49 56 68 85
3 5 46 64 91
44 45 72 94 104
9
62
43
96
90 115
9 111
1
6 25 29
15 23 34 46 83 107 114
18 31 34 49 55 81
89
6 28 79 106
6
28 60
27 51 62 72 73 79 87 90
1 6 18 28 31 52 56 57 60 79 87 97 110
2
21 32 45 87
44 63 74 109
30
37 68
23 69 72 105
29
115
14
77
48 84 89
4
33 52 64 81 84 91 94 100 109 114
7
31 80 83
95 108 109
25 27 36 37 53 63 72 93
6 12 24 26 29 57 76 88
4
42 84
43 49 64 66 76 96
81 100 106
88
35
38
7 72
70
16 38 56 76 77 81 86 96 108 110
13 14 22 85 114
113
19 70 79 96 110
6 7 74 85
22 36 86 87 89
34 104 113
6 23 34 38 42 48 80 99
80 90 97
26 67 76 88
17 43 113
21 71
6 54 56 60 102 115
29
3 12 13 18 35 39 44 58 78 109
34 39
62
51
14 48 81 108
46 61 80 85 101
9 27 38 39 68
1 69 99
101 109
3 13 44 61 65 66 78 79 105
34
11 29 30 72 96 101 109
58
22 94
1 19 23 36 37 49 84
63 67
14
9 61 81 98 101
66
3 37 39 66 70 96
7 40 63 66 97 107
27 49 115
39
76
18 29 88 108 109
10 29 39 40 81
11 17 37 64 90 102 109 110 115
64
107
66
36
41 72 92 98
91
28 69 83 101 107
13 19 29 50 79 84 87 88 109
35
102
115
74 93 107
4 34 47 54 90 97 98
35 102 112
69 101
109
31 68
31 73
14 61
11 16 36 58 61 79 87 114
16
22 35 64 75 87 91 107 108
20
9 38 83 106
18 40 43 60 89 91 102 115
63 91 107
38 52 55 60 62 111
4 5 7 63 69 105
22 28 66 92 96 98
44 49 66 82 114 115
114
51 104 109
100
13
7 26 41 53 58 62
28 68
91 103 109
1 19 36 48 62 101 102 109 112
8 24 103 105
