7 102
84
60
50 58 71 84 104 111
109 118
5 38
11 13 76
43
30 42 72 97 102
89
57 102
23 98 108 114
5 16 29 30 38 56 74 114 118
32
16 24 44 47
15 58 106
17
16 19 28 36 46 106 117
25 107 118
37
67
10 28 48 69 74 76 85 106 111
49
29 110 113
107
13 47 81 104
106 112
94
97 117
28 37 54
66
4 19 90 109 110 115
17 31 42 90 95 97
29 54 84 99 100
17
44 58 78
64
44 54 72 115
62 78 96 98 105
72 115
79
66 106
32 83
79
39 64 94
53
76
25 40 49 92 93 95 106
49
66 117
25 49
44
1
13 37 38 48 54
1 5 95 99
15 83 90 116
12
113
91 113
75 89
61 66 112
88 112
101 116 118
111
89
2 10 12 16 34 87
18 22 60 89 99 112
40 41 65 109
42 43 58 62 72 94 95
94 102 106
1 31 46 48 53
18 26 77 85
5 31 36 38 77 78 86 95
7 15 21 38 60 102
4 8 16 29 57 58 61 65 84 89 91 114
36 79 86
20 71 104 109
108
79
31 43 53 88 90 96 108
4
9 69 73 118
87
75
10 24 60 94 96
47
2 16 18 29 77 87 92
115
29
33 36 50 54 69 79 80 88 113
94
37 41 86 116
38 65 108
24
67 69 70 92
50
70 99
49
4 7 96
102
25 26 84 108
8 35 100
38
4
6 45 84
5 51 72 75 80 96
2 51 104
21 50 71 80
50 84
66
7
16
12 86 110
46 94 112 116
15 16 17 19 36 48 58 66 77 97 99
33 78 84 96
31 104
27
19 85
9 34 81 105
12
28
16 55 117
45
27 31 74
1 4 68 69 87 93 117
16 35 37 82 96 98
18 26 31 53 57
54
14 20 32 53 57 81
6 13
10 51 94
39
20 53 113
34 63 77 78 109
13 98 102
30 34 67 76 79 110
12 20 59 68 76 90
115
24 44 51 71 85
9 19
98
6
1 20 38 72 111
17 47 56 85
27 63
11 39
36
19
6 74
77 96 105
9 16 62 96 104
11
44
31 40 62 89
46
81 111
9 44
8 10 51
10 45 60 99
28 47 52 58 92
25 58 72
1 35 99
1 21 23 29 86 107
11 37 75 88 103
76 107
5 6 45 103 109
25 42 55 64
23 49 75 85 101
48
16 25 33 77 108
7 73
55
43 54 55 57 59 63 79 83 107
28
59 72 82
5
31 33 68 73 77 85 104
36 43 77 112
69
15 38
30 56 61 88 97
85
44 66 68 76 112 116
55
117
58
80
10 82 93
45 74 99 106 117
21
1 29 44 75 77 83 104 109
83
51
91
45 46 54
21 38 47 52 56
58
70
27 63 68
1 19 22 42 75 106
97 104
35 84 107
15 39 54 66 80
9 72
20 28 88
19 45
90
3 18 61 108
