48
9 13 17 55 71 74
14 26 37 45 47 64 74
2 67
3 14 56 57 68
18 21 26 28 38 46 50 60
6 11 26 32 36 41 46
5 9 47 48 58 62 63
53 54 69
11 23
15 48 68
58
62
12 29 61
49 56
6 36 37 70
28 54 62
28
39
33 44
5 50
27
8
6 16 69
49 61
10 20 42 69
64
31
73
26
26
7 27
36 69 72
3 30 44 45 59 67
44
39 67 69
11 61
3
60
23 67 70
60 71
17 34 48
62 65 66
33
2 3 11 20 21 22 26 29
6 20 49 50
6
40
18 69
30
5
34
5 13 14 17 35 42 50 60
14 68 74
25 26 70
15
8 12 24 30 31 36 73 74
1 17 27 31 48 65
3 11 22 39 46 50 57 69
9 21
46
10 15 35 60
15
14
21 32 44
35
3 14 25 42
47
4 11 27 37 52 58 70 72
32
58
5 16 43 56 57 64
22 25 28 30 35 44 55
21 34 41 63 67
45
53 60
19 49 64
18 57
2 8 17 63 66
35 69
13 48 73
16
3 25 47 61
60 62 70 71
29 36 41 42 44 45 49 55 59 66 67
15
17
18
6
18
12 24 31 63 74
11 19 42 47 52 55 59
32
5
10 24 34 36 60 62 67
18 66
69
12
15
35 36 51 70
