1 8 13 14 15 20 21 30 32 40 41 42 43 44 45 49 50 52 57 63 65 67 68 69 71 74 75
3 4 9 12 14 18 23 24 34 36 40 44 45 46 48 61 63 65 71 73 74
2 4 5 15 16 17 19 32 36 40 41 43 47 55 62 66 67 69 70 72 76
4 7 10 11 22 24 25 30 35 41 43 44 45 47 48 55 58 62 65 67 74 76
2 5 7 21 23 26 32 39 41 43 46 47 57 64 69 70 75
9 10 11 13 15 18 32 35 36 40 42 50 52 54 56 58 64 68 69 76
2 3 14 17 20 22 26 27 28 31 32 34 40 44 45 48 49 50 54 59 60 62
4 5 9 12 13 14 18 23 27 28 33 38 40 45 47 50 51 63 64 70 72 74
7 10 11 20 27 31 32 33 37 38 39 41 44 48 56 57 62 64 66 67 74
1 3 11 15 16 20 21 23 24 25 27 29 33 36 37 47 48 49 52 53 55 61 62 65 66 67 69 70 74 76
2 19 21 22 24 25 36 42 43 44 45 47 48 50 56 57 67 68 69 73
2 9 11 14 18 21 22 25 31 44 46 47 54 58 60 62 64 69 71 72 73
3 5 16 17 18 24 25 26 31 32 46 47 51 57 58 64 70 73
4 5 6 11 12 15 18 20 22 23 25 26 27 30 31 35 40 47 51 52 55 57 62 63 64 68 73 74 75
