5 12 17 24 29 30 32 33 43 84 90 91 93
1 3 7 11 19 20 25 32 33 36 44 49 50 59 85 87 91 99 101 105
6 14 19 21 28 34 36 39 46 47 60 63 68 72 73 78 82 84 86 87 92 97 98 103 104
1 5 8 15 19 22 25 28 29 52 53 65 71 72 79 80 81 85 88 98 100
10 23 37 39 65 72 73 77 79 93 100 104
1 2 6 13 17 27 30 31 41 43 49 52 54 57 69 70 85 87 91 97
6 7 8 13 15 17 24 31 44 55 65 71 83 90 94 95 96 100 105 106
9 27 32 36 42 45 49 56 59 60 67 72 73 86 87 91 94 100 103
6 16 30 32 35 40 41 42 48 56 61 62 68 78 85 90 91 101 104
8 9 11 12 26 31 33 38 47 48 54 55 58 62 69 72 73 76 91 95 97 99 100 101 102 105
2 5 7 8 23 25 27 30 50 60 65 67 68 89 94 98 99 100 102
1 3 9 10 17 20 28 29 35 37 39 47 49 53 60 61 64 72 74 83 88 89 93 105
5 7 19 20 24 30 35 58 60 61 69 70 71 72 79 81 86 87 88 91 92 94 98 101
7 14 17 18 19 20 25 37 46 50 52 55 68 71 77 78 80 88 93 97 104 106
3 10 11 13 14 15 16 26 27 30 31 38 40 41 43 45 55 61 65 75 83 85 90 95 98 99 103
4 5 7 21 27 28 29 33 35 40 47 51 52 56 62 70 73 75 79 85 86 88 105
7 8 9 11 18 29 30 31 34 45 51 65 66 75 79 83 86 90 92 97 99
2 32 34 40 49 51 54 58 59 64 69 74 78 84 93 97 98
2 4 11 13 18 21 22 25 29 31 35 39 51 56 61 64 65 71 75 82 85 87 89 91 99 100 103 104 106
3 6 8 9 11 13 19 24 30 35 41 63 69 83 86 99 102 105
1 6 15 35 51 53 54 57 72 74 76 87 95 98 99 100 104
11 13 14 22 24 25 27 31 34 35 40 51 55 56 63 65 75 77 85 98 100 104
3 6 14 23 26 30 33 36 38 42 52 53 60 62 65 70 72 73 83 86 88 89 94 99 100 102 106
