6 8 10 11 19 22 26 30 31 33 35 36 39 40 41 43
2 3 4 6 10 12 13 16 17 18 23 24 27 29 32 35 37 39 40 41 42 44
3 4 12 14 17 19 21 24 26 28 29 31 33 34 36 39 40 41 42 44 45
1 3 4 5 6 7 8 9 13 17 18 19 25 29 31 36 38 39 43 45
1 2 4 6 7 11 14 16 23 27 28 31 33 35 38 41 44 45
1 2 4 5 6 8 10 13 15 16 18 21 22 25 28 30 31 35 43
3 5 7 9 10 12 13 15 16 18 26 28 30 32 36 38 43 44 45
3 8 9 10 11 13 14 16 17 19 25 27 28 34 36 37 38 39 45
3 5 7 8 15 16 17 23 24 25 26 28 30 33 34 39 40 41 43 45
3 7 8 9 10 11 14 16 18 21 24 29 30 31 34 35 40 42 43 45
1 6 7 8 12 13 16 17 18 19 20 21 22 30 31 34 38 39 45
