4 8 11 12 15 19 21 29 44 46 47 69 82 83 84
5 9 18 24 31 32 36 39 43 50 56 57 61 66 75 80 84 85 86
8 9 11 12 23 24 25 28 35 50 57 61 62 63 67 69 77 79 81 84 85 86 89
2 4 5 17 20 21 26 30 33 35 36 40 44 51 69 72 74 75 78 81
5 14 16 21 32 34 35 36 39 52 59 61 64 65 68 75 76 77 78 81 82 88
1 2 3 4 5 6 10 11 14 20 22 24 37 42 45 52 57 58 59 61 69 75 83 85
3 4 5 11 15 22 37 41 43 53 54 55 56 58 61 63 75 76 79 82 88 89
11 12 18 20 24 25 26 32 36 38 39 48 65 69 75 78 82 85 86 87 90
1 11 13 15 19 23 24 28 31 33 34 39 40 44 47 49 54 57 59 62 64 70 77 79 81 84 85 90
2 7 8 9 10 17 31 33 35 37 42 47 48 51 52 53 55 62 63 82 83 89 90
4 7 10 13 15 19 20 22 27 32 36 38 45 48 66 67 68 70 76 79 80 89
5 6 15 18 23 29 35 36 38 43 45 54 55 57 59 60 66 76 79 80 82 83 85 86 87 90
2 3 15 23 28 30 31 34 35 39 47 60 61 63 64 66 68 77 80 89
6 8 9 10 15 17 20 21 34 35 39 55 58 69 74 75 78 81 82 84 90
1 2 3 7 10 28 31 34 37 38 39 46 52 59 62 64 66 68 72 73 77 80 81 84
3 4 8 15 17 18 24 26 29 31 32 33 34 37 40 41 42 44 47 48 49 55 63 65 71 78 79 83
2 7 16 18 21 24 31 33 47 52 59 63 67 68 72 74 82 84 85
5 6 8 22 28 29 35 39 42 43 44 48 57 59 64 66 70 79 83 85 87 89
1 3 7 17 18 19 27 28 31 54 55 59 64 70 86
4 10 18 22 30 36 37 38 41 42 46 47 50 51 56 57 76 78 79 82
3 8 12 15 19 23 24 25 26 29 38 39 45 46 49 51 52 58 78 80 85 86 87
1 3 4 6 11 17 21 34 35 42 44 48 50 68 74 84 86 88 90
6 8 10 12 14 15 20 21 24 26 31 32 40 47 52 55 68 74 86 89
11 13 21 30 31 36 38 39 43 44 48 50 55 61 62 63 68 75 77 81
2 5 12 22 25 26 28 31 33 36 39 40 45 48 51 57 61 62 65 71 82 85 86 90
3 4 5 6 7 9 14 16 17 20 21 28 37 40 42 43 54 55 64 73 75 76 82
2 3 7 8 15 16 18 21 23 28 30 32 39 42 45 48 54 65 70 72 75 76 81 82 85
5 9 13 15 19 26 29 31 41 42 53 55 56 59 62 65 67 73 86 87
6 10 17 20 22 23 35 36 45 47 51 55 59 66 67 73 76 84 86 87
2 6 12 20 25 28 34 35 38 42 43 45 48 53 56 60 61 64 66 68 69 72 78 80 81 85 89
1 2 3 5 6 9 11 13 14 15 19 20 21 28 39 48 61 75 77 79 82 84
2 9 16 17 20 28 29 30 33 39 41 42 43 49 52 54 58 63 66 68 73 75 78 82 84 88 90
1 7 8 13 15 17 20 21 23 25 26 34 37 39 47 50 54 61 70 71 83 85 89
3 17 25 26 28 38 45 47 53 59 63 65 68 70 72 75 79
12 15 19 29 33 37 39 42 47 49 55 58 59 60 62 66 71 73 77 83
6 9 14 21 22 28 29 31 40 44 45 49 54 55 61 70 72 76 87 89
16 19 31 35 53 63 65 68 69 70 82
14 15 34 37 38 41 42 47 48 54 59 71 73 86
5 7 8 10 20 24 25 38 42 43 51 52 54 58 59 60 72 73 75 80 85
7 8 9 15 20 21 32 38 40 45 46 47 50 51 63 67 70 75 78 79 86
3 5 6 11 13 15 16 22 25 27 28 31 37 42 47 48 54 57 59 60 65 74 76 77 79 82 84 88
3 5 7 11 15 18 19 22 28 39 43 48 51 56 62 66 70 71 85 88 89
