2 11 24 26 33 39 44 50 54 55 59 60 63 64 65 72 73 79 85
1 2 9 10 17 18 19 21 23 25 26 27 28 34 40 42 43 50 54 61 65 66 73 76 78 82 85
1 3 4 10 13 14 21 28 33 35 36 39 49 53 57 64 70 74 83 85 86 87
5 9 11 17 19 22 26 27 29 36 38 46 53 57 67 74 80 84
4 8 11 12 13 18 24 28 31 39 43 50 56 62 63 64 66 67 68 70 72 77 80 88
1 2 5 10 13 23 28 33 46 50 69 76 81 86 88
9 14 16 17 20 25 29 30 31 32 33 34 37 38 39 43 44 48 54 57 74 75 78 83
1 2 5 7 8 12 13 18 20 24 27 28 32 33 34 42 43 49 57 59 60 69 79
2 3 7 21 22 26 27 30 36 37 41 49 51 54 55 60 63 66 67 70 84 85 87 88
13 15 20 23 24 26 27 30 35 49 54 64 72 75 77 81
5 14 16 21 23 26 30 33 35 40 41 43 48 49 54 55 58 63 67 68 69 75 76 79 84 87
3 4 8 10 11 12 13 18 23 26 29 31 38 41 48 59 61 71 76 81 85
3 4 5 8 12 13 31 36 38 47 53 54 64 66 69 75 79 86
3 9 11 13 16 17 21 23 25 26 30 32 38 45 52 53 54 55 58 62 64 65 67 68 73 86 88
2 3 6 10 11 21 23 24 30 35 37 45 53 54 59 60 70 78 80 83 86
4 9 13 14 16 26 28 31 39 43 49 56 65 66 67 73 75 76 82 87
1 3 4 6 9 13 22 23 27 28 32 39 40 43 48 50 56 65 74 75 83 84 87
6 8 9 13 16 28 35 37 38 40 44 46 49 51 53 55 59 60 62 72 80 81 88
1 7 9 14 16 22 23 28 31 35 36 37 42 44 45 47 48 49 53 54 56 57 61 64 71 72 86
8 18 29 32 38 46 52 59 62 72 77 81 83
8 14 16 21 33 34 36 40 43 54 58 73 75 85 87
