2 3 4 8 17 23 29 31 37 48 49 57 71 74 84 88 92 110 111
2 3 4 19 23 28 31 38 47 49 53 57 58 59 63 70 83 85 88 93 101 103 104 111
4 5 12 16 20 22 26 29 35 41 49 50 60 68 71 72 79 85 90 92 94 100 102 103 108
15 29 32 38 54 65 68 69 80 81 85 92 94 103
4 9 18 27 28 30 31 36 62 64 67 68 70 84 102
2 4 6 18 27 28 29 34 35 38 43 49 53 60 61 62 79 88 99 101
3 4 6 7 15 18 27 48 49 50 57 59 69 79 81 84 85 97 98 103 110
1 4 9 16 29 32 37 38 41 43 45 47 56 70 76 89 94 97 103
1 4 6 14 26 41 42 57 62 63 81 83 94 95 100 106 109
7 10 17 25 32 34 38 52 53 61 62 63 65 72 74 78 80 84 85 93 95 96 97 105
1 2 9 10 13 16 21 23 28 29 32 33 37 55 58 64 68 73 84 85 99 103
21 25 26 35 38 50 55 62 74 80 82 98 105 110 111
1 6 25 26 31 33 37 41 50 52 53 55 57 60 64 72 74 76 81 92 104 106 108 111
6 12 20 24 37 41 45 49 53 64 73 82 85 89 93 100 102 107
2 10 15 17 18 21 28 29 34 44 48 52 53 56 59 61 72 82 83 85 86 88 92 95 107 109 110
3 4 10 17 21 28 31 32 41 44 52 59 65 80 81 87 88 89 101
2 6 16 17 24 26 32 34 45 50 51 56 61 63 69 70 76 84 86 92 97 109
1 3 8 18 21 31 34 37 38 53 60 64 67 73 74 78 87 94 107 109
1 3 7 8 9 10 16 24 29 33 34 39 42 45 47 52 60 64 68 79 84 85 86 89 94 95 97 101 102 108
1 5 15 20 22 26 46 48 49 50 51 52 53 61 68 71 90 92 94 100 106
10 14 18 24 27 32 35 37 44 46 49 53 55 67 70 72 84 88 89 98 103 109
6 17 19 21 22 34 36 53 58 59 61 69 75 76 81 103 108 109
10 25 26 42 43 47 48 62 63 70 72 76 82 84 86 87 88 90 92 94 97
4 8 11 22 24 31 34 39 41 43 46 50 51 76 80 84 86 90 91 92 95 103 108 110
3 4 5 11 15 17 19 25 30 32 35 37 47 49 51 61 65 66 68 72 75 78 79 83 90 97 101 108 111
1 5 6 8 11 14 19 24 30 38 40 42 45 46 48 55 68 75 76 80 95 97 106 109 110
2 6 10 14 17 18 23 24 29 35 42 43 46 56 58 63 64 72 73 75 82 84 89 90 98 100 109
1 9 32 47 50 52 56 61 63 65 67 68 71 75 78 89 94 95 96 106
2 4 23 24 28 32 38 40 41 43 45 46 52 59 64 66 69 75 81 82 86 89 97
7 12 22 25 31 35 38 39 44 50 67 69 71 72 78 106 111
4 6 7 9 17 25 33 43 46 47 48 59 68 80 86 88 92 97 106 110
14 15 19 20 35 40 42 46 52 54 73 74 75 76 97 103 108 110 111
5 8 21 22 23 40 47 53 58 64 67 68 71 76 77 89 102
