9 12 14 15 16 19 24 26 28 33 38 43 49 53 55 62 63 66 72 73 74
2 4 5 8 15 16 20 22 28 29 30 31 34 35 36 40 43 44 45 47 48 51 57 59 61 65 66 70
1 3 7 8 12 14 15 17 24 25 26 27 32 33 35 37 38 42 43 48 50 55 56 59 60 66 72
1 9 15 18 23 24 26 29 31 36 37 38 39 40 42 45 48 59 60 61 62 63 67
3 10 15 17 20 23 24 25 27 28 33 36 42 43 45 46 48 52 60 61 66 68
7 21 24 28 30 34 35 37 41 44 45 49 50 53 57 61 64 65 66 67 69 72 73
3 5 9 10 19 21 24 28 30 36 42 44 46 49 50 51 57 60 68 70
1 2 3 4 5 7 9 12 16 17 22 23 25 27 29 31 36 37 39 42 43 45 47 52 53 56 58 65 68 73
2 3 4 6 7 10 11 15 25 27 31 35 37 38 42 45 53 54 60 63 65 66 67
1 3 6 8 11 14 15 19 26 31 33 40 45 49 52 54 56 64 71
5 14 16 25 26 27 30 51 62 74
3 9 10 11 19 25 36 41 45 46 48 54 57 60 62 74
1 5 7 8 20 22 24 28 29 30 38 44 45 60 69 70 71 72
1 6 10 11 12 14 15 19 28 31 32 36 37 42 44 45 46 53 55 57 59 60 62 65 68 70
6 7 11 13 19 20 23 25 39 40 41 43 45 50 56 59 63 72
1 5 7 11 13 14 15 17 18 20 22 23 27 28 31 33 39 43 54 61 62 67 68 73
4 8 10 12 17 23 27 31 35 38 39 40 41 43 53 55 58 60 61 65 71 73 74
14 16 17 18 20 22 23 24 29 30 35 39 40 41 45 48 49 55 60 63 65 73
2 3 9 11 12 14 16 17 20 21 23 24 34 38 44 45 46 50 52 58 59 60 63 68 69 72
