2 3 5 6 10 13 14 15 17 19 20 21 22 24 26 32 36 38 42 44 48 49 51 52 54 55 62 63 64
2 11 15 17 18 20 23 24 29 35 38 39 40 42 44 52 53 55 60 62 63
3 4 5 16 18 25 32 34 36 46 56 57 61 64
1 3 5 6 8 10 11 12 13 14 16 17 24 27 29 32 36 37 43 47 48 49 51 52 53 56 59 61 63
2 3 4 7 9 15 19 24 26 27 34 36 37 39 40 45 47 48 49 51 54 58 59 61
1 3 4 6 8 9 16 21 24 26 27 29 35 39 41 44 48 49 50 52 56 64
1 2 4 5 7 13 14 15 17 20 22 23 24 32 34 36 39 44 48 49 52 59
2 3 5 6 9 10 11 12 15 16 17 21 22 23 30 32 33 38 40 41 43 46 47 49 51 52 53 57 58 60 61 63
4 7 10 13 14 16 17 19 20 23 25 27 29 31 33 37 39 43 44 45 48 50 53 54 57 59 61 62
2 5 10 11 12 18 35 37 49 50 51 52 53 59 63
1 2 5 10 14 15 17 20 21 24 27 28 32 33 34 36 37 39 47 49 50 54 55 56 61 63 64
