14 16 18 20 22 23 35 36 37 43 49 56 57 85 99 100 102 103 104 107 108 109 114 116
2 6 13 15 16 18 19 25 27 30 33 37 50 52 57 59 61 66 76 85 91 92 101 102 103 106 115
1 5 8 9 11 20 28 29 38 42 44 49 58 66 70 79 82 91 104 111 113 115
4 6 19 22 26 28 41 46 49 52 68 69 76 80 83 85 94 95 96 110 112
14 20 30 33 42 43 49 57 67 80 85 88 103 110
22 53 58 60 73 74 77 82 89 92 102
2 4 8 23 24 33 40 43 46 47 50 56 72 76 92 110 116
13 14 16 25 27 32 33 36 38 41 55 59 63 64 65 69 74 77 80 85 90 91 101 107 109 111 114
2 3 4 6 20 32 44 47 48 51 56 59 60 71 72 81 85 94 111
2 7 8 9 10 11 13 18 20 22 23 27 29 35 39 41 42 43 45 46 51 57 61 62 64 69 78 80 83 87 91 99 104
2 5 13 23 24 25 26 28 30 32 42 45 56 63 74 75 76 78 81 90 92 97 98 113 114
2 7 8 12 36 40 44 55 56 62 63 77 78 82 93 100
10 13 27 28 36 46 58 62 63 65 71 73 76 83 90 93 95 100 103 110 113 115 116
2 3 10 13 15 25 49 75 77 85 87 103 104 111 114
9 17 21 28 44 46 50 54 55 56 58 61 88 91 95 98 99 110
3 7 13 16 22 32 35 39 56 62 64 66 67 84 89 94 102 111 113
12 13 16 21 27 29 37 41 44 45 46 47 59 62 68 70 77 79 98 110
2 11 12 17 18 22 33 36 53 69 72 75 76 80 81 88 105 115
9 16 22 23 26 36 37 38 43 45 50 53 55 56 60 65 72 77 79 80 99 110 111
2 4 5 11 15 38 39 42 43 45 54 57 64 71 77 82 83 94 95 96 109 112
4 5 22 25 28 29 40 42 44 51 53 64 70 72 74 76 84 91 98 108 109 112 114 115
3 4 5 6 7 13 18 23 25 26 34 45 46 54 59 61 62 67 74 80 95 97 99 102 103 108 110 112 113
6 7 17 24 25 28 30 44 46 49 53 55 60 63 67 69 70 77 78 101 106
1 4 5 11 19 23 27 29 30 33 37 56 59 60 69 76 79 80 85 88 89 96 97 100 109 116
7 14 27 29 30 31 32 41 48 49 50 51 53 63 66 69 81 83 86 91 94 96 101 108 109 113 116
