3 12 13 16 24 31 33 35 38 43 52 54 61 62 63 66 74 77 80 87 89 94
4 28 39 40 41 49 52 53 57 66 75 76 77 78 79 86 96
1 3 4 49 50 51 55 61 63 77 84 87 89 91 97
11 13 15 25 26 27 28 31 34 35 37 41 44 48 49 54 60 61 70 71 74 77 78 83 86
1 4 7 16 17 21 22 23 26 31 39 40 41 45 47 49 54 59 62 69 78 81
6 22 31 37 39 41 50 54 65 67 77 82 87
5 6 12 15 16 22 25 45 47 51 52 55 56 57 59 61 65 68 70 71 72 81 82 83 92 94 96 97
1 8 12 14 19 21 22 23 29 45 49 50 51 61 63 66 67 77 82 87 89 90 93 97
1 8 12 15 20 23 25 26 27 30 32 37 38 42 47 48 58 66 69 70 74 78 81 83 85 87 94
2 11 12 25 31 33 51 52 53 59 62 65 69 73 80 81 85 87 93 97
1 4 9 15 23 26 38 40 43 44 49 62 64 76 77 79 93 96 97
5 8 13 14 17 26 32 36 41 42 45 46 49 56 59 66 67 76 79 80 81 89 95
1 2 4 11 13 16 23 41 43 46 55 56 67 68 69 75 77 85 87 89 92 93 95
8 13 14 30 31 34 38 47 49 50 59 64 65 68 69 70 73 84 88 91 92 97
2 3 12 17 18 21 24 29 32 34 36 41 51 65 69 70 75 77 82 84 87 90
1 2 9 11 13 15 16 17 27 28 31 34 41 44 45 47 60 64 65 69 71 76 77 81 83 95
7 21 32 34 35 40 42 48 49 54 61 76 80 86 88 93 95 96 97
2 8 10 11 14 22 25 42 46 53 56 57 65 66 75 80 87 88 91
7 10 11 16 19 21 24 30 36 38 44 59 61 62 63 65 72 79 84 88 94 96
3 7 12 13 18 20 23 27 34 36 38 46 60 65 72 75 88 91 94
14 16 20 21 26 27 29 31 34 41 43 47 53 63 64 70 71 72 78 84 88 90 91 94 95 96 97
2 8 9 11 14 20 21 30 34 38 40 41 49 50 55 57 60 63 65 69 71 76 77 79 90 96 97
1 6 9 11 14 20 36 41 44 47 48 54 58 59 60 65 67 85 87 89 93 97
4 5 16 17 28 29 33 41 45 56 61 64 66 77 79 80 84 85 88 94 96
4 8 12 14 17 19 25 29 34 36 47 51 63 71 72 73 75 86 87 92 94 96
