1 12 13 14 15 16 17 19 20 21 24 25 26 27 28 29 31 33 35 39 41 43 44 46
2 3 4 5 7 10 11 12 14 15 18 19 21 23 24 26 27 32 34 35 40 41 42 43 44 45
4 5 6 7 8 12 14 15 16 17 18 19 21 26 31 35 36 38 39 40 45 46
1 2 3 4 5 6 7 9 10 11 12 13 16 17 18 21 22 26 27 28 31 32 34 39 40 42 43 46
3 4 5 6 7 8 12 13 14 16 17 18 21 29 34 35 37 39 40 41 42 43 44 46
1 5 12 13 14 18 19 20 21 25 27 29 31 36 41 43 45
3 5 6 8 9 10 13 15 16 17 20 24 25 30 31 34 36 38 39 42 44 46
1 3 4 6 8 10 11 14 15 17 27 30 32 35 37 38 40 41 45 46
3 4 6 9 11 16 20 21 26 27 28 30 31 32 35 39 40 43 46
1 4 5 6 7 8 10 12 13 14 15 16 17 19 21 23 24 25 27 28 31 33 34 35 37 38 39 41 45 46
1 7 8 9 10 13 14 16 17 19 20 27 29 32 34 35 37 39 41 43 44 46
4 5 6 8 9 13 14 16 18 23 26 27 28 30 31 35 36 40 45 46
1 2 5 6 8 9 11 12 13 17 20 22 27 28 29 31 32 33 34 37 39 40 41 44 45
1 4 5 6 8 9 11 13 16 17 20 22 23 29 30 31 33 34 36 37 38 42 43 45 46
2 5 7 8 11 13 14 15 16 20 21 23 25 26 30 31 32 33 35 39 43 44
1 2 4 5 8 9 14 15 16 17 19 20 24 25 27 28 31 32 38 42 44
1 5 6 14 23 24 28 32 34 40 41 42 44 45 46
2 3 4 5 6 7 11 12 14 15 17 20 21 22 30 36 37 39 40 43
4 6 8 11 16 21 22 25 26 33 35 36 37 38 41 44 46
