5 7 9 13 14 18 20 21 24 27 28 30 31 32 33 35 36 37
2 3 4 8 9 10 11 12 13 15 17 18 19 21 22 25 28 31 32 33 34 35 37 40
4 7 8 9 10 11 13 14 15 18 19 27 31 32 33 36 37 40
4 6 7 8 18 21 23 27 28 33 37
2 3 8 9 11 12 14 15 17 19 21 23 24 26 28 30 32 34 35
1 2 5 6 7 8 9 10 13 14 15 17 19 21 23 24 29 30 31 36 37 39
1 5 7 8 9 14 17 19 20 27 29 30 32 34 39
1 3 4 5 6 7 8 11 12 14 17 18 19 21 22 23 26 27 28 29 30 31 33 34 36
3 4 5 6 9 10 11 12 17 20 21 22 23 25 26 28 29 30 31 33 34 35 37 40
2 3 5 7 10 11 12 15 16 17 20 21 23 25 28 29 30 31 32 34 35 36 37 40
2 3 4 6 7 9 10 12 14 15 16 17 18 22 26 27 30 31 32 34 35 37 40
3 9 12 14 16 17 18 20 21 23 24 25 26 27 28 29 30 32 34 36 37 39
4 5 6 7 8 9 10 14 15 18 19 23 24 25 26 27 28 30 31 32 33 35 36 37 38 39 40
