3 4 5 10 11 13 14 20 22 25 26 32 33 35 36 39 41 42 53 55 56 61
1 2 3 7 11 19 20 22 25 28 30 33 36 38 40 41 48 52 54 57 59
2 8 11 12 13 16 21 22 23 26 30 32 39 40 47 48 49 50 55
1 6 8 11 12 14 15 16 18 29 30 32 34 35 39 41 49 50 53 57 60
1 7 9 10 14 15 16 18 26 27 29 34 36 38 41 42 47 48 53 55 58 60
9 10 13 15 20 23 29 32 33 36 41 42 43 44 47 52 53 60
1 3 4 6 7 8 14 17 18 24 25 27 28 30 32 34 37 41 47 49 52 58
3 5 8 11 12 19 20 21 22 25 30 31 38 39 40 41 43 49 53 58
2 5 11 12 13 15 16 18 22 23 24 26 27 28 30 37 39 40 41 42 44 45 46 47 49 51 53 54 59
11 22 25 38 40 41 42 48 49 50 51 53 54 55 59
3 8 11 15 16 18 21 22 23 32 34 39 44 46 47 49 53 55 61
3 5 6 7 9 11 13 14 15 17 20 21 24 25 26 27 28 29 32 35 36 38 40 43 44 46 51 52 55 59 61
1 2 3 4 5 8 15 18 24 32 33 39 41 42 48 50 51 53 54
1 5 8 13 14 15 19 20 22 25 32 37 43 45 46 47 53 57
3 4 14 15 16 19 20 24 29 30 31 33 34 35 37 38 44 45 51 52 55
2 3 8 10 11 15 16 20 22 23 24 25 26 29 30 33 36 37 39 42 45 47 48 49 50 53 55 58 60 61
1 4 5 7 9 10 11 14 16 20 21 22 23 26 28 32 34 35 37 38 43 51 57 58 59
1 3 4 6 10 13 15 17 30 31 32 33 34 43 45 46 49 53 54 55 58 59
1 5 10 11 14 15 17 18 20 23 28 29 32 34 37 47 48 58 59 61
2 4 5 6 7 12 14 17 19 23 26 28 29 33 36 39 41 43 44 46 49 50 52 53 56 61
6 11 12 21 31 32 33 34 40 41 47 49 50 51 52 54 55 57 61
2 4 5 8 13 16 17 19 23 24 26 30 32 33 35 36 37 39 44 47 48 50 51 55 61
4 6 7 8 13 16 17 18 22 23 24 25 26 30 33 34 43 44 46 47 50 52 55 57 60
3 5 10 13 14 20 21 24 25 27 29 30 32 36 38 44 45 47 53 55 58
1 4 6 8 12 13 20 21 22 25 26 30 33 37 44 48 55
3 4 6 8 22 30 33 40 41 43 48 51 54
6 11 13 16 21 25 29 31 33 34 39 45 47 48 49 50 54 59
1 2 7 8 13 15 16 17 22 33 38 44 45 48 50 55 57 59 61
3 4 6 9 10 12 13 14 18 22 23 25 26 29 30 31 34 35 36 38 40 42 44 48 50 51 55 58 59
3 9 14 19 20 27 28 30 32 38 39 45 46 48 52 58 59 60
