1 2 3 4 5 9 10 12 14 15 16 18 19 22 24 25 28 29 30 31 36 37 39 41 42 43 45 46 49 50 51 52 54 55 57 58 60 61 63 64 68 69 70 71 72 73 75 76 77 78 79 80 81 82 83 84 85 86 88 89 91 92 93 94 95 96 97 98 99 100 101 102 103 105 106 107 108 109 110 112 113 114 115 117
7 8 10 13 14 16 17 19 21 23 24 25 27 28 29 30 31 33 34 35 36 37 39 40 41 42 44 45 46 47 49 50 51 52 53 54 55 56 59 60 62 63 64 65 67 68 69 70 72 74 75 81 82 83 85 87 88 89 90 91 93 94 95 96 98 99 100 101 102 103 104 105 106 107 110 111 112 114 116 117
1 2 4 7 8 10 11 12 13 14 16 17 18 19 20 21 23 24 25 26 27 29 30 31 33 34 35 36 37 38 39 40 43 44 46 47 48 50 51 52 53 54 55 57 58 60 61 62 63 64 65 66 67 68 71 73 76 78 79 80 83 84 85 86 89 90 94 96 97 98 99 100 101 102 103 105 106 107 108 109 110 111 112 114 115 117
1 2 5 6 7 8 9 10 11 12 15 16 17 18 19 20 21 22 25 26 31 32 34 35 37 38 40 42 44 46 47 48 50 51 54 55 57 58 59 60 61 63 64 66 67 68 69 70 71 76 77 79 80 82 83 84 85 86 87 89 90 91 92 93 94 96 97 99 100 101 102 105 106 107 108 112 113 114 115 116 117
1 3 5 7 8 9 10 11 12 13 15 16 17 20 24 26 28 30 31 33 35 37 38 39 40 43 45 46 47 48 49 50 51 53 54 55 57 58 60 61 62 64 65 69 71 73 75 76 77 78 79 80 81 82 84 85 86 88 90 91 92 93 94 97 98 99 100 101 102 105 106 107 108 109 111 112 113 114 116 117
1 2 3 4 6 8 9 11 13 15 16 18 19 21 23 26 28 29 30 33 34 35 36 38 39 40 41 42 43 44 45 46 48 49 50 51 52 53 54 55 57 58 60 61 62 63 64 66 71 72 73 74 75 76 77 78 79 80 81 83 84 85 86 88 89 90 92 93 98 99 100 101 102 103 106 108 109 110 112 113 114 115
2 3 4 5 6 7 8 11 12 14 16 17 19 20 21 23 24 25 27 28 29 30 33 34 35 36 37 39 41 43 44 46 47 48 49 51 52 53 55 56 57 59 60 61 62 63 64 65 66 67 68 71 72 73 74 76 78 79 80 82 83 84 85 86 87 88 89 90 91 92 93 95 98 99 100 101 102 103 105 106 107 108 109 110 111 112 113 116 117
4 5 7 8 9 10 12 13 14 15 16 18 20 21 22 24 25 26 27 29 31 32 33 35 36 37 38 41 44 46 47 48 50 51 53 55 58 60 63 64 65 66 68 69 71 72 73 74 75 76 77 79 80 81 82 83 84 85 86 87 88 89 92 93 94 96 97 98 101 103 105 106 107 109 110 112 116 117
3 4 6 7 8 9 11 12 13 14 15 16 18 20 21 22 24 25 27 28 29 30 31 32 33 34 37 38 39 40 41 42 44 45 46 47 48 49 50 51 52 53 54 55 56 57 59 60 61 62 64 67 68 70 72 76 77 78 79 80 81 82 83 84 85 87 89 90 92 93 94 95 96 98 99 100 103 104 105 106 107 111 112 114 115 116 117
2 3 4 5 6 7 8 10 11 12 13 14 15 16 17 19 20 22 24 25 29 30 31 32 33 35 38 39 44 45 46 48 49 50 52 53 58 59 60 61 63 64 65 66 67 70 71 72 73 74 75 76 77 78 80 83 84 85 86 89 90 91 92 93 94 97 98 99 100 101 102 103 104 106 108 110 111 112 115
1 3 4 5 6 8 9 10 12 13 14 15 16 17 18 19 20 21 24 25 26 28 29 31 32 33 34 40 41 43 44 45 46 47 48 49 51 54 55 56 58 60 62 63 64 66 68 69 70 71 72 73 74 78 79 81 84 85 86 89 90 91 94 96 97 98 99 100 101 103 104 105 106 108 109 110 111 112 113 115 116 117
2 3 5 6 7 8 11 12 15 16 17 18 19 21 23 24 25 27 28 29 30 31 32 35 36 37 39 40 41 43 46 47 49 50 51 52 53 56 57 58 59 63 64 65 67 68 69 70 71 72 73 74 75 76 81 82 83 84 85 87 88 89 90 91 92 93 94 95 96 98 100 103 106 107 108 109 110 111 112 114 115
1 2 3 4 5 6 7 8 9 10 11 12 14 19 20 21 22 24 25 26 28 31 32 34 35 36 37 39 40 44 45 46 48 49 50 55 56 57 60 61 62 64 65 66 67 68 69 70 71 72 73 74 76 77 82 83 85 86 87 90 91 93 95 97 98 100 103 104 105 106 107 108 109 111 114 117
1 2 4 5 6 7 8 9 11 12 15 18 19 22 23 25 26 27 29 30 31 32 34 35 36 37 40 41 42 43 44 46 47 48 49 51 52 53 54 55 56 57 58 59 60 61 63 64 65 68 69 71 72 73 77 79 80 81 82 83 84 88 89 90 92 93 98 100 101 111 112 113 114 115 116 117
1 2 3 4 5 7 8 9 11 15 16 17 19 20 22 23 24 26 29 30 31 32 33 35 37 38 39 41 42 43 44 45 46 48 49 50 52 53 55 56 57 58 59 62 63 64 66 68 69 75 76 77 79 80 86 87 88 89 90 91 93 94 95 96 97 98 101 102 103 105 107 108 109 110 111 112 113 114 115 116 117
1 2 3 6 8 9 11 12 15 16 18 19 20 21 22 23 24 25 27 28 30 31 32 34 35 36 38 39 40 41 42 43 44 45 47 48 49 50 51 53 55 57 59 60 61 62 63 64 65 67 68 69 70 71 72 73 74 75 77 78 82 84 85 87 88 89 90 91 92 93 95 96 97 98 100 101 102 103 104 105 107 109 110 111 112 113 114 115 116
1 4 5 6 7 10 11 12 13 16 17 18 19 20 22 23 24 25 26 27 28 30 31 32 34 35 36 37 38 40 41 42 43 45 46 49 52 53 54 55 56 57 58 59 61 62 65 67 69 71 72 75 76 77 78 81 83 85 86 87 88 89 90 91 93 95 96 97 98 100 101 102 103 104 105 107 108 109 110 112 113 114 115 117
1 3 4 5 6 7 9 10 11 13 14 15 16 17 18 19 22 23 24 25 29 31 32 33 36 37 38 40 41 42 44 45 47 48 49 50 52 56 57 58 61 62 63 64 66 69 70 71 72 74 75 77 79 80 81 83 84 86 87 89 90 91 92 93 94 95 96 97 98 99 100 101 102 103 105 110 111 112 113 116
2 3 6 7 8 9 10 11 12 13 14 15 16 17 18 20 22 23 24 25 26 28 29 30 34 35 36 38 43 45 47 48 49 50 51 53 55 56 58 61 62 65 67 68 70 71 76 78 79 80 81 82 85 86 88 90 91 93 94 95 96 97 98 100 101 102 103 105 106 107 108 110 111 113 114 115 116 117
