2 1 121
4 1 121
4 2 121
4 3 121
6 1 121
6 2 121
6 3 121
6 4 121
6 5 121
8 1 121
8 2 121
8 3 121
8 4 121
8 5 121
8 6 121
8 7 121
10 1 121
10 2 121
10 3 121
10 4 121
10 5 121
10 6 121
10 7 121
10 8 121
10 9 121
12 1 121
12 2 121
12 3 121
12 4 121
12 5 121
12 6 121
12 7 121
12 8 121
12 9 121
12 10 121
12 11 121
14 1 121
14 2 121
14 3 121
14 4 121
14 5 121
14 6 121
14 7 121
14 8 121
14 9 121
14 10 121
14 11 121
14 12 121
14 13 121
16 1 121
16 2 121
16 3 121
16 4 121
16 5 121
16 6 121
16 7 121
16 8 121
16 9 121
16 10 121
16 11 121
16 12 121
16 13 121
16 14 121
16 15 121
18 1 121
18 2 121
18 3 121
18 4 121
18 5 121
18 6 121
18 7 121
18 8 121
18 9 121
18 10 121
18 11 121
18 12 121
18 13 121
18 14 121
18 15 121
18 16 121
18 17 121
20 1 121
20 2 121
20 3 121
20 4 121
20 5 121
20 6 121
20 7 121
20 8 121
20 9 121
20 10 121
20 11 121
20 12 121
20 13 121
20 14 121
20 15 121
20 16 121
20 17 121
20 18 121
20 19 121
22 1 121
22 2 121
22 3 121
22 4 121
22 5 121
22 6 121
22 7 121
22 8 121
22 9 121
22 10 121
22 11 121
22 12 121
22 13 121
22 14 121
22 15 121
22 16 121
22 17 121
22 18 121
22 19 121
22 20 121
22 21 121
24 1 121
24 2 121
24 3 121
24 4 121
24 5 121
24 6 121
24 7 121
24 8 121
24 9 121
24 10 121
24 11 121
24 12 121
24 13 121
24 14 121
24 15 121
24 16 121
24 17 121
24 18 121
24 19 121
24 20 121
24 21 121
24 22 121
24 23 121
26 1 121
26 2 121
26 3 121
26 4 121
26 5 121
26 6 121
26 7 121
26 8 121
26 9 121
26 10 121
26 11 121
26 12 121
26 13 121
26 14 121
26 15 121
26 16 121
26 17 121
26 18 121
26 19 121
26 20 121
26 21 121
26 22 121
26 23 121
26 24 121
26 25 121
28 1 121
28 2 121
28 3 121
28 4 121
28 5 121
28 6 121
28 7 121
28 8 121
28 9 121
28 10 121
28 11 121
28 12 121
28 13 121
28 14 121
28 15 121
28 16 121
28 17 121
28 18 121
28 19 121
28 20 121
28 21 121
28 22 121
28 23 121
28 24 121
28 25 121
28 26 121
28 27 121
30 1 121
30 2 121
30 3 121
30 4 121
30 5 121
30 6 121
30 7 121
30 8 121
30 9 121
30 10 121
30 11 121
30 12 121
30 13 121
30 14 121
30 15 121
30 16 121
30 17 121
30 18 121
30 19 121
30 20 121
30 21 121
30 22 121
30 23 121
30 24 121
30 25 121
30 26 121
30 27 121
30 28 121
30 29 121
32 1 121
32 2 121
32 3 121
32 4 121
32 5 121
32 6 121
32 7 121
32 8 121
32 9 121
32 10 121
32 11 121
32 12 121
32 13 121
32 14 121
32 15 121
32 16 121
32 17 121
32 18 121
32 19 121
32 20 121
32 21 121
32 22 121
32 23 121
32 24 121
32 25 121
32 26 121
32 27 121
32 28 121
32 29 121
32 30 121
32 31 121
34 1 121
34 2 121
34 3 121
34 4 121
34 5 121
34 6 121
34 7 121
34 8 121
34 9 121
34 10 121
34 11 121
34 12 121
34 13 121
34 14 121
34 15 121
34 16 121
34 17 121
34 18 121
34 19 121
34 20 121
34 21 121
34 22 121
34 23 121
34 24 121
34 25 121
34 26 121
34 27 121
34 28 121
34 29 121
34 30 121
34 31 121
34 32 121
34 33 121
36 1 121
36 2 121
36 3 121
36 4 121
36 5 121
36 6 121
36 7 121
36 8 121
36 9 121
36 10 121
36 11 121
36 12 121
36 13 121
36 14 121
36 15 121
36 16 121
36 17 121
36 18 121
36 19 121
36 20 121
36 21 121
36 22 121
36 23 121
36 24 121
36 25 121
36 26 121
36 27 121
36 28 121
36 29 121
36 30 121
36 31 121
36 32 121
36 33 121
36 34 121
36 35 121
38 1 121
38 2 121
38 3 121
38 4 121
38 5 121
38 6 121
38 7 121
38 8 121
38 9 121
38 10 121
38 11 121
38 12 121
38 13 121
38 14 121
38 15 121
38 16 121
38 17 121
38 18 121
38 19 121
38 20 121
38 21 121
38 22 121
38 23 121
38 24 121
38 25 121
38 26 121
38 27 121
38 28 121
38 29 121
38 30 121
38 31 121
38 32 121
38 33 121
38 34 121
38 35 121
38 36 121
38 37 121
40 1 121
40 2 121
40 3 121
40 4 121
40 5 121
40 6 121
40 7 121
40 8 121
40 9 121
40 10 121
40 11 121
40 12 121
40 13 121
40 14 121
40 15 121
40 16 121
40 17 121
40 18 121
40 19 121
40 20 121
40 21 121
40 22 121
40 23 121
40 24 121
40 25 121
40 26 121
40 27 121
40 28 121
40 29 121
40 30 121
40 31 121
40 32 121
40 33 121
40 34 121
40 35 121
40 36 121
40 37 121
40 38 121
40 39 121
42 1 121
42 2 121
42 3 121
42 4 121
42 5 121
42 6 121
42 7 121
42 8 121
42 9 121
42 10 121
42 11 121
42 12 121
42 13 121
42 14 121
42 15 121
42 16 121
42 17 121
42 18 121
42 19 121
42 20 121
42 21 121
42 22 121
42 23 121
42 24 121
42 25 121
42 26 121
42 27 121
42 28 121
42 29 121
42 30 121
42 31 121
42 32 121
42 33 121
42 34 121
42 35 121
42 36 121
42 37 121
42 38 121
42 39 121
42 40 121
42 41 121
44 1 121
44 2 121
44 3 121
44 4 121
44 5 121
44 6 121
44 7 121
44 8 121
44 9 121
44 10 121
44 11 121
44 12 121
44 13 121
44 14 121
44 15 121
44 16 121
44 17 121
44 18 121
44 19 121
44 20 121
44 21 121
44 22 121
44 23 121
44 24 121
44 25 121
44 26 121
44 27 121
44 28 121
44 29 121
44 30 121
44 31 121
44 32 121
44 33 121
44 34 121
44 35 121
44 36 121
44 37 121
44 38 121
44 39 121
44 40 121
44 41 121
44 42 121
44 43 121
46 1 121
46 2 121
46 3 121
46 4 121
46 5 121
46 6 121
46 7 121
46 8 121
46 9 121
46 10 121
46 11 121
46 12 121
46 13 121
46 14 121
46 15 121
46 16 121
46 17 121
46 18 121
46 19 121
46 20 121
46 21 121
46 22 121
46 23 121
46 24 121
46 25 121
46 26 121
46 27 121
46 28 121
46 29 121
46 30 121
46 31 121
46 32 121
46 33 121
46 34 121
46 35 121
46 36 121
46 37 121
46 38 121
46 39 121
46 40 121
46 41 121
46 42 121
46 43 121
46 44 121
46 45 121
48 1 121
48 2 121
48 3 121
48 4 121
48 5 121
48 6 121
48 7 121
48 8 121
48 9 121
48 10 121
48 11 121
48 12 121
48 13 121
48 14 121
48 15 121
48 16 121
48 17 121
48 18 121
48 19 121
48 20 121
48 21 121
48 22 121
48 23 121
48 24 121
48 25 121
48 26 121
48 27 121
48 28 121
48 29 121
48 30 121
48 31 121
48 32 121
48 33 121
48 34 121
48 35 121
48 36 121
48 37 121
48 38 121
48 39 121
48 40 121
48 41 121
48 42 121
48 43 121
48 44 121
48 45 121
48 46 121
48 47 121
50 1 121
50 2 121
50 3 121
50 4 121
50 5 121
50 6 121
50 7 121
50 8 121
50 9 121
50 10 121
50 11 121
50 12 121
50 13 121
50 14 121
50 15 121
50 16 121
50 17 121
50 18 121
50 19 121
50 20 121
50 21 121
50 22 121
50 23 121
50 24 121
50 25 121
50 26 121
50 27 121
50 28 121
50 29 121
50 30 121
50 31 121
50 32 121
50 33 121
50 34 121
50 35 121
50 36 121
50 37 121
50 38 121
50 39 121
50 40 121
50 41 121
50 42 121
50 43 121
50 44 121
50 45 121
50 46 121
50 47 121
50 48 121
50 49 121
52 1 121
52 2 121
52 3 121
52 4 121
52 5 121
52 6 121
52 7 121
52 8 121
52 9 121
52 10 121
52 11 121
52 12 121
52 13 121
52 14 121
52 15 121
52 16 121
52 17 121
52 18 121
52 19 121
52 20 121
52 21 121
52 22 121
52 23 121
52 24 121
52 25 121
52 26 121
52 27 121
52 28 121
52 29 121
52 30 121
52 31 121
52 32 121
52 33 121
52 34 121
52 35 121
52 36 121
52 37 121
52 38 121
52 39 121
52 40 121
52 41 121
52 42 121
52 43 121
52 44 121
52 45 121
52 46 121
52 47 121
52 48 121
52 49 121
52 50 121
52 51 121
54 1 121
54 2 121
54 3 121
54 4 121
54 5 121
54 6 121
54 7 121
54 8 121
54 9 121
54 10 121
54 11 121
54 12 121
54 13 121
54 14 121
54 15 121
54 16 121
54 17 121
54 18 121
54 19 121
54 20 121
54 21 121
54 22 121
54 23 121
54 24 121
54 25 121
54 26 121
54 27 121
54 28 121
54 29 121
54 30 121
54 31 121
54 32 121
54 33 121
54 34 121
54 35 121
54 36 121
54 37 121
54 38 121
54 39 121
54 40 121
54 41 121
54 42 121
54 43 121
54 44 121
54 45 121
54 46 121
54 47 121
54 48 121
54 49 121
54 50 121
54 51 121
54 52 121
54 53 121
56 1 121
56 2 121
56 3 121
56 4 121
56 5 121
56 6 121
56 7 121
56 8 121
56 9 121
56 10 121
56 11 121
56 12 121
56 13 121
56 14 121
56 15 121
56 16 121
56 17 121
56 18 121
56 19 121
56 20 121
56 21 121
56 22 121
56 23 121
56 24 121
56 25 121
56 26 121
56 27 121
56 28 121
56 29 121
56 30 121
56 31 121
56 32 121
56 33 121
56 34 121
56 35 121
56 36 121
56 37 121
56 38 121
56 39 121
56 40 121
56 41 121
56 42 121
56 43 121
56 44 121
56 45 121
56 46 121
56 47 121
56 48 121
56 49 121
56 50 121
56 51 121
56 52 121
56 53 121
56 54 121
56 55 121
58 1 121
58 2 121
58 3 121
58 4 121
58 5 121
58 6 121
58 7 121
58 8 121
58 9 121
58 10 121
58 11 121
58 12 121
58 13 121
58 14 121
58 15 121
58 16 121
58 17 121
58 18 121
58 19 121
58 20 121
58 21 121
58 22 121
58 23 121
58 24 121
58 25 121
58 26 121
58 27 121
58 28 121
58 29 121
58 30 121
58 31 121
58 32 121
58 33 121
58 34 121
58 35 121
58 36 121
58 37 121
58 38 121
58 39 121
58 40 121
58 41 121
58 42 121
58 43 121
58 44 121
58 45 121
58 46 121
58 47 121
58 48 121
58 49 121
58 50 121
58 51 121
58 52 121
58 53 121
58 54 121
58 55 121
58 56 121
58 57 121
60 1 121
60 2 121
60 3 121
60 4 121
60 5 121
60 6 121
60 7 121
60 8 121
60 9 121
60 10 121
60 11 121
60 12 121
60 13 121
60 14 121
60 15 121
60 16 121
60 17 121
60 18 121
60 19 121
60 20 121
60 21 121
60 22 121
60 23 121
60 24 121
60 25 121
60 26 121
60 27 121
60 28 121
60 29 121
60 30 121
60 31 121
60 32 121
60 33 121
60 34 121
60 35 121
60 36 121
60 37 121
60 38 121
60 39 121
60 40 121
60 41 121
60 42 121
60 43 121
60 44 121
60 45 121
60 46 121
60 47 121
60 48 121
60 49 121
60 50 121
60 51 121
60 52 121
60 53 121
60 54 121
60 55 121
60 56 121
60 57 121
60 58 121
60 59 121
62 1 121
62 2 121
62 3 121
62 4 121
62 5 121
62 6 121
62 7 121
62 8 121
62 9 121
62 10 121
62 11 121
62 12 121
62 13 121
62 14 121
62 15 121
62 16 121
62 17 121
62 18 121
62 19 121
62 20 121
62 21 121
62 22 121
62 23 121
62 24 121
62 25 121
62 26 121
62 27 121
62 28 121
62 29 121
62 30 121
62 31 121
62 32 121
62 33 121
62 34 121
62 35 121
62 36 121
62 37 121
62 38 121
62 39 121
62 40 121
62 41 121
62 42 121
62 43 121
62 44 121
62 45 121
62 46 121
62 47 121
62 48 121
62 49 121
62 50 121
62 51 121
62 52 121
62 53 121
62 54 121
62 55 121
62 56 121
62 57 121
62 58 121
62 59 121
62 60 121
62 61 121
64 1 121
64 2 121
64 3 121
64 4 121
64 5 121
64 6 121
64 7 121
64 8 121
64 9 121
64 10 121
64 11 121
64 12 121
64 13 121
64 14 121
64 15 121
64 16 121
64 17 121
64 18 121
64 19 121
64 20 121
64 21 121
64 22 121
64 23 121
64 24 121
64 25 121
64 26 121
64 27 121
64 28 121
64 29 121
64 30 121
64 31 121
64 32 121
64 33 121
64 34 121
64 35 121
64 36 121
64 37 121
64 38 121
64 39 121
64 40 121
64 41 121
64 42 121
64 43 121
64 44 121
64 45 121
64 46 121
64 47 121
64 48 121
64 49 121
64 50 121
64 51 121
64 52 121
64 53 121
64 54 121
64 55 121
64 56 121
64 57 121
64 58 121
64 59 121
64 60 121
64 61 121
64 62 121
64 63 121
66 1 121
66 2 121
66 3 121
66 4 121
66 5 121
66 6 121
66 7 121
66 8 121
66 9 121
66 10 121
66 11 121
66 12 121
66 13 121
66 14 121
66 15 121
66 16 121
66 17 121
66 18 121
66 19 121
66 20 121
66 21 121
66 22 121
66 23 121
66 24 121
66 25 121
66 26 121
66 27 121
66 28 121
66 29 121
66 30 121
66 31 121
66 32 121
66 33 121
66 34 121
66 35 121
66 36 121
66 37 121
66 38 121
66 39 121
66 40 121
66 41 121
66 42 121
66 43 121
66 44 121
66 45 121
66 46 121
66 47 121
66 48 121
66 49 121
66 50 121
66 51 121
66 52 121
66 53 121
66 54 121
66 55 121
66 56 121
66 57 121
66 58 121
66 59 121
66 60 121
66 61 121
66 62 121
66 63 121
66 64 121
66 65 121
68 1 121
68 2 121
68 3 121
68 4 121
68 5 121
68 6 121
68 7 121
68 8 121
68 9 121
68 10 121
68 11 121
68 12 121
68 13 121
68 14 121
68 15 121
68 16 121
68 17 121
68 18 121
68 19 121
68 20 121
68 21 121
68 22 121
68 23 121
68 24 121
68 25 121
68 26 121
68 27 121
68 28 121
68 29 121
68 30 121
68 31 121
68 32 121
68 33 121
68 34 121
68 35 121
68 36 121
68 37 121
68 38 121
68 39 121
68 40 121
68 41 121
68 42 121
68 43 121
68 44 121
68 45 121
68 46 121
68 47 121
68 48 121
68 49 121
68 50 121
68 51 121
68 52 121
68 53 121
68 54 121
68 55 121
68 56 121
68 57 121
68 58 121
68 59 121
68 60 121
68 61 121
68 62 121
68 63 121
68 64 121
68 65 121
68 66 121
68 67 121
70 1 121
70 2 121
70 3 121
70 4 121
70 5 121
70 6 121
70 7 121
70 8 121
70 9 121
70 10 121
70 11 121
70 12 121
70 13 121
70 14 121
70 15 121
70 16 121
70 17 121
70 18 121
70 19 121
70 20 121
70 21 121
70 22 121
70 23 121
70 24 121
70 25 121
70 26 121
70 27 121
70 28 121
70 29 121
70 30 121
70 31 121
70 32 121
70 33 121
70 34 121
70 35 121
70 36 121
70 37 121
70 38 121
70 39 121
70 40 121
70 41 121
70 42 121
70 43 121
70 44 121
70 45 121
70 46 121
70 47 121
70 48 121
70 49 121
70 50 121
70 51 121
70 52 121
70 53 121
70 54 121
70 55 121
70 56 121
70 57 121
70 58 121
70 59 121
70 60 121
70 61 121
70 62 121
70 63 121
70 64 121
70 65 121
70 66 121
70 67 121
70 68 121
70 69 121
72 1 121
72 2 121
72 3 121
72 4 121
72 5 121
72 6 121
72 7 121
72 8 121
72 9 121
72 10 121
72 11 121
72 12 121
72 13 121
72 14 121
72 15 121
72 16 121
72 17 121
72 18 121
72 19 121
72 20 121
72 21 121
72 22 121
72 23 121
72 24 121
72 25 121
72 26 121
72 27 121
72 28 121
72 29 121
72 30 121
72 31 121
72 32 121
72 33 121
72 34 121
72 35 121
72 36 121
72 37 121
72 38 121
72 39 121
72 40 121
72 41 121
72 42 121
72 43 121
72 44 121
72 45 121
72 46 121
72 47 121
72 48 121
72 49 121
72 50 121
72 51 121
72 52 121
72 53 121
72 54 121
72 55 121
72 56 121
72 57 121
72 58 121
72 59 121
72 60 121
72 61 121
72 62 121
72 63 121
72 64 121
72 65 121
72 66 121
72 67 121
72 68 121
72 69 121
72 70 121
72 71 121
74 1 121
74 2 121
74 3 121
74 4 121
74 5 121
74 6 121
74 7 121
74 8 121
74 9 121
74 10 121
74 11 121
74 12 121
74 13 121
74 14 121
74 15 121
74 16 121
74 17 121
74 18 121
74 19 121
74 20 121
74 21 121
74 22 121
74 23 121
74 24 121
74 25 121
74 26 121
74 27 121
74 28 121
74 29 121
74 30 121
74 31 121
74 32 121
74 33 121
74 34 121
74 35 121
74 36 121
74 37 121
74 38 121
74 39 121
74 40 121
74 41 121
74 42 121
74 43 121
74 44 121
74 45 121
74 46 121
74 47 121
74 48 121
74 49 121
74 50 121
74 51 121
74 52 121
74 53 121
74 54 121
74 55 121
74 56 121
74 57 121
74 58 121
74 59 121
74 60 121
74 61 121
74 62 121
74 63 121
74 64 121
74 65 121
74 66 121
74 67 121
74 68 121
74 69 121
74 70 121
74 71 121
74 72 121
74 73 121
76 1 121
76 2 121
76 3 121
76 4 121
76 5 121
76 6 121
76 7 121
76 8 121
76 9 121
76 10 121
76 11 121
76 12 121
76 13 121
76 14 121
76 15 121
76 16 121
76 17 121
76 18 121
76 19 121
76 20 121
76 21 121
76 22 121
76 23 121
76 24 121
76 25 121
76 26 121
76 27 121
76 28 121
76 29 121
76 30 121
76 31 121
76 32 121
76 33 121
76 34 121
76 35 121
76 36 121
76 37 121
76 38 121
76 39 121
76 40 121
76 41 121
76 42 121
76 43 121
76 44 121
76 45 121
76 46 121
76 47 121
76 48 121
76 49 121
76 50 121
76 51 121
76 52 121
76 53 121
76 54 121
76 55 121
76 56 121
76 57 121
76 58 121
76 59 121
76 60 121
76 61 121
76 62 121
76 63 121
76 64 121
76 65 121
76 66 121
76 67 121
76 68 121
76 69 121
76 70 121
76 71 121
76 72 121
76 73 121
76 74 121
76 75 121
78 1 121
78 2 121
78 3 121
78 4 121
78 5 121
78 6 121
78 7 121
78 8 121
78 9 121
78 10 121
78 11 121
78 12 121
78 13 121
78 14 121
78 15 121
78 16 121
78 17 121
78 18 121
78 19 121
78 20 121
78 21 121
78 22 121
78 23 121
78 24 121
78 25 121
78 26 121
78 27 121
78 28 121
78 29 121
78 30 121
78 31 121
78 32 121
78 33 121
78 34 121
78 35 121
78 36 121
78 37 121
78 38 121
78 39 121
78 40 121
78 41 121
78 42 121
78 43 121
78 44 121
78 45 121
78 46 121
78 47 121
78 48 121
78 49 121
78 50 121
78 51 121
78 52 121
78 53 121
78 54 121
78 55 121
78 56 121
78 57 121
78 58 121
78 59 121
78 60 121
78 61 121
78 62 121
78 63 121
78 64 121
78 65 121
78 66 121
78 67 121
78 68 121
78 69 121
78 70 121
78 71 121
78 72 121
78 73 121
78 74 121
78 75 121
78 76 121
78 77 121
80 1 121
80 2 121
80 3 121
80 4 121
80 5 121
80 6 121
80 7 121
80 8 121
80 9 121
80 10 121
80 11 121
80 12 121
80 13 121
80 14 121
80 15 121
80 16 121
80 17 121
80 18 121
80 19 121
80 20 121
80 21 121
80 22 121
80 23 121
80 24 121
80 25 121
80 26 121
80 27 121
80 28 121
80 29 121
80 30 121
80 31 121
80 32 121
80 33 121
80 34 121
80 35 121
80 36 121
80 37 121
80 38 121
80 39 121
80 40 121
80 41 121
80 42 121
80 43 121
80 44 121
80 45 121
80 46 121
80 47 121
80 48 121
80 49 121
80 50 121
80 51 121
80 52 121
80 53 121
80 54 121
80 55 121
80 56 121
80 57 121
80 58 121
80 59 121
80 60 121
80 61 121
80 62 121
80 63 121
80 64 121
80 65 121
80 66 121
80 67 121
80 68 121
80 69 121
80 70 121
80 71 121
80 72 121
80 73 121
80 74 121
80 75 121
80 76 121
80 77 121
80 78 121
80 79 121
82 1 121
82 2 121
82 3 121
82 4 121
82 5 121
82 6 121
82 7 121
82 8 121
82 9 121
82 10 121
82 11 121
82 12 121
82 13 121
82 14 121
82 15 121
82 16 121
82 17 121
82 18 121
82 19 121
82 20 121
82 21 121
82 22 121
82 23 121
82 24 121
82 25 121
82 26 121
82 27 121
82 28 121
82 29 121
82 30 121
82 31 121
82 32 121
82 33 121
82 34 121
82 35 121
82 36 121
82 37 121
82 38 121
82 39 121
82 40 121
82 41 121
82 42 121
82 43 121
82 44 121
82 45 121
82 46 121
82 47 121
82 48 121
82 49 121
82 50 121
82 51 121
82 52 121
82 53 121
82 54 121
82 55 121
82 56 121
82 57 121
82 58 121
82 59 121
82 60 121
82 61 121
82 62 121
82 63 121
82 64 121
82 65 121
82 66 121
82 67 121
82 68 121
82 69 121
82 70 121
82 71 121
82 72 121
82 73 121
82 74 121
82 75 121
82 76 121
82 77 121
82 78 121
82 79 121
82 80 121
82 81 121
84 1 121
84 2 121
84 3 121
84 4 121
84 5 121
84 6 121
84 7 121
84 8 121
84 9 121
84 10 121
84 11 121
84 12 121
84 13 121
84 14 121
84 15 121
84 16 121
84 17 121
84 18 121
84 19 121
84 20 121
84 21 121
84 22 121
84 23 121
84 24 121
84 25 121
84 26 121
84 27 121
84 28 121
84 29 121
84 30 121
84 31 121
84 32 121
84 33 121
84 34 121
84 35 121
84 36 121
84 37 121
84 38 121
84 39 121
84 40 121
84 41 121
84 42 121
84 43 121
84 44 121
84 45 121
84 46 121
84 47 121
84 48 121
84 49 121
84 50 121
84 51 121
84 52 121
84 53 121
84 54 121
84 55 121
84 56 121
84 57 121
84 58 121
84 59 121
84 60 121
84 61 121
84 62 121
84 63 121
84 64 121
84 65 121
84 66 121
84 67 121
84 68 121
84 69 121
84 70 121
84 71 121
84 72 121
84 73 121
84 74 121
84 75 121
84 76 121
84 77 121
84 78 121
84 79 121
84 80 121
84 81 121
84 82 121
84 83 121
86 1 121
86 2 121
86 3 121
86 4 121
86 5 121
86 6 121
86 7 121
86 8 121
86 9 121
86 10 121
86 11 121
86 12 121
86 13 121
86 14 121
86 15 121
86 16 121
86 17 121
86 18 121
86 19 121
86 20 121
86 21 121
86 22 121
86 23 121
86 24 121
86 25 121
86 26 121
86 27 121
86 28 121
86 29 121
86 30 121
86 31 121
86 32 121
86 33 121
86 34 121
86 35 121
86 36 121
86 37 121
86 38 121
86 39 121
86 40 121
86 41 121
86 42 121
86 43 121
86 44 121
86 45 121
86 46 121
86 47 121
86 48 121
86 49 121
86 50 121
86 51 121
86 52 121
86 53 121
86 54 121
86 55 121
86 56 121
86 57 121
86 58 121
86 59 121
86 60 121
86 61 121
86 62 121
86 63 121
86 64 121
86 65 121
86 66 121
86 67 121
86 68 121
86 69 121
86 70 121
86 71 121
86 72 121
86 73 121
86 74 121
86 75 121
86 76 121
86 77 121
86 78 121
86 79 121
86 80 121
86 81 121
86 82 121
86 83 121
86 84 121
86 85 121
88 1 121
88 2 121
88 3 121
88 4 121
88 5 121
88 6 121
88 7 121
88 8 121
88 9 121
88 10 121
88 11 121
88 12 121
88 13 121
88 14 121
88 15 121
88 16 121
88 17 121
88 18 121
88 19 121
88 20 121
88 21 121
88 22 121
88 23 121
88 24 121
88 25 121
88 26 121
88 27 121
88 28 121
88 29 121
88 30 121
88 31 121
88 32 121
88 33 121
88 34 121
88 35 121
88 36 121
88 37 121
88 38 121
88 39 121
88 40 121
88 41 121
88 42 121
88 43 121
88 44 121
88 45 121
88 46 121
88 47 121
88 48 121
88 49 121
88 50 121
88 51 121
88 52 121
88 53 121
88 54 121
88 55 121
88 56 121
88 57 121
88 58 121
88 59 121
88 60 121
88 61 121
88 62 121
88 63 121
88 64 121
88 65 121
88 66 121
88 67 121
88 68 121
88 69 121
88 70 121
88 71 121
88 72 121
88 73 121
88 74 121
88 75 121
88 76 121
88 77 121
88 78 121
88 79 121
88 80 121
88 81 121
88 82 121
88 83 121
88 84 121
88 85 121
88 86 121
88 87 121
90 1 121
90 2 121
90 3 121
90 4 121
90 5 121
90 6 121
90 7 121
90 8 121
90 9 121
90 10 121
90 11 121
90 12 121
90 13 121
90 14 121
90 15 121
90 16 121
90 17 121
90 18 121
90 19 121
90 20 121
90 21 121
90 22 121
90 23 121
90 24 121
90 25 121
90 26 121
90 27 121
90 28 121
90 29 121
90 30 121
90 31 121
90 32 121
90 33 121
90 34 121
90 35 121
90 36 121
90 37 121
90 38 121
90 39 121
90 40 121
90 41 121
90 42 121
90 43 121
90 44 121
90 45 121
90 46 121
90 47 121
90 48 121
90 49 121
90 50 121
90 51 121
90 52 121
90 53 121
90 54 121
90 55 121
90 56 121
90 57 121
90 58 121
90 59 121
90 60 121
90 61 121
90 62 121
90 63 121
90 64 121
90 65 121
90 66 121
90 67 121
90 68 121
90 69 121
90 70 121
90 71 121
90 72 121
90 73 121
90 74 121
90 75 121
90 76 121
90 77 121
90 78 121
90 79 121
90 80 121
90 81 121
90 82 121
90 83 121
90 84 121
90 85 121
90 86 121
90 87 121
90 88 121
90 89 121
92 1 121
92 2 121
92 3 121
92 4 121
92 5 121
92 6 121
92 7 121
92 8 121
92 9 121
92 10 121
92 11 121
92 12 121
92 13 121
92 14 121
92 15 121
92 16 121
92 17 121
92 18 121
92 19 121
92 20 121
92 21 121
92 22 121
92 23 121
92 24 121
92 25 121
92 26 121
92 27 121
92 28 121
92 29 121
92 30 121
92 31 121
92 32 121
92 33 121
92 34 121
92 35 121
92 36 121
92 37 121
92 38 121
92 39 121
92 40 121
92 41 121
92 42 121
92 43 121
92 44 121
92 45 121
92 46 121
92 47 121
92 48 121
92 49 121
92 50 121
92 51 121
92 52 121
92 53 121
92 54 121
92 55 121
92 56 121
92 57 121
92 58 121
92 59 121
92 60 121
92 61 121
92 62 121
92 63 121
92 64 121
92 65 121
92 66 121
92 67 121
92 68 121
92 69 121
92 70 121
92 71 121
92 72 121
92 73 121
92 74 121
92 75 121
92 76 121
92 77 121
92 78 121
92 79 121
92 80 121
92 81 121
92 82 121
92 83 121
92 84 121
92 85 121
92 86 121
92 87 121
92 88 121
92 89 121
92 90 121
92 91 121
94 1 121
94 2 121
94 3 121
94 4 121
94 5 121
94 6 121
94 7 121
94 8 121
94 9 121
94 10 121
94 11 121
94 12 121
94 13 121
94 14 121
94 15 121
94 16 121
94 17 121
94 18 121
94 19 121
94 20 121
94 21 121
94 22 121
94 23 121
94 24 121
94 25 121
94 26 121
94 27 121
94 28 121
94 29 121
94 30 121
94 31 121
94 32 121
94 33 121
94 34 121
94 35 121
94 36 121
94 37 121
94 38 121
94 39 121
94 40 121
94 41 121
94 42 121
94 43 121
94 44 121
94 45 121
94 46 121
94 47 121
94 48 121
94 49 121
94 50 121
94 51 121
94 52 121
94 53 121
94 54 121
94 55 121
94 56 121
94 57 121
94 58 121
94 59 121
94 60 121
94 61 121
94 62 121
94 63 121
94 64 121
94 65 121
94 66 121
94 67 121
94 68 121
94 69 121
94 70 121
94 71 121
94 72 121
94 73 121
94 74 121
94 75 121
94 76 121
94 77 121
94 78 121
94 79 121
94 80 121
94 81 121
94 82 121
94 83 121
94 84 121
94 85 121
94 86 121
94 87 121
94 88 121
94 89 121
94 90 121
94 91 121
94 92 121
94 93 121
96 1 121
96 2 121
96 3 121
96 4 121
96 5 121
96 6 121
96 7 121
96 8 121
96 9 121
96 10 121
96 11 121
96 12 121
96 13 121
96 14 121
96 15 121
96 16 121
96 17 121
96 18 121
96 19 121
96 20 121
96 21 121
96 22 121
96 23 121
96 24 121
96 25 121
96 26 121
96 27 121
96 28 121
96 29 121
96 30 121
96 31 121
96 32 121
96 33 121
96 34 121
96 35 121
96 36 121
96 37 121
96 38 121
96 39 121
96 40 121
96 41 121
96 42 121
96 43 121
96 44 121
96 45 121
96 46 121
96 47 121
96 48 121
96 49 121
96 50 121
96 51 121
96 52 121
96 53 121
96 54 121
96 55 121
96 56 121
96 57 121
96 58 121
96 59 121
96 60 121
96 61 121
96 62 121
96 63 121
96 64 121
96 65 121
96 66 121
96 67 121
96 68 121
96 69 121
96 70 121
96 71 121
96 72 121
96 73 121
96 74 121
96 75 121
96 76 121
96 77 121
96 78 121
96 79 121
96 80 121
96 81 121
96 82 121
96 83 121
96 84 121
96 85 121
96 86 121
96 87 121
96 88 121
96 89 121
96 90 121
96 91 121
96 92 121
96 93 121
96 94 121
96 95 121
98 1 121
98 2 121
98 3 121
98 4 121
98 5 121
98 6 121
98 7 121
98 8 121
98 9 121
98 10 121
98 11 121
98 12 121
98 13 121
98 14 121
98 15 121
98 16 121
98 17 121
98 18 121
98 19 121
98 20 121
98 21 121
98 22 121
98 23 121
98 24 121
98 25 121
98 26 121
98 27 121
98 28 121
98 29 121
98 30 121
98 31 121
98 32 121
98 33 121
98 34 121
98 35 121
98 36 121
98 37 121
98 38 121
98 39 121
98 40 121
98 41 121
98 42 121
98 43 121
98 44 121
98 45 121
98 46 121
98 47 121
98 48 121
98 49 121
98 50 121
98 51 121
98 52 121
98 53 121
98 54 121
98 55 121
98 56 121
98 57 121
98 58 121
98 59 121
98 60 121
98 61 121
98 62 121
98 63 121
98 64 121
98 65 121
98 66 121
98 67 121
98 68 121
98 69 121
98 70 121
98 71 121
98 72 121
98 73 121
98 74 121
98 75 121
98 76 121
98 77 121
98 78 121
98 79 121
98 80 121
98 81 121
98 82 121
98 83 121
98 84 121
98 85 121
98 86 121
98 87 121
98 88 121
98 89 121
98 90 121
98 91 121
98 92 121
98 93 121
98 94 121
98 95 121
98 96 121
98 97 121
100 1 121
100 2 121
100 3 121
100 4 121
100 5 121
100 6 121
100 7 121
100 8 121
100 9 121
100 10 121
100 11 121
100 12 121
100 13 121
100 14 121
100 15 121
100 16 121
100 17 121
100 18 121
100 19 121
100 20 121
100 21 121
100 22 121
100 23 121
100 24 121
100 25 121
100 26 121
100 27 121
100 28 121
100 29 121
100 30 121
100 31 121
100 32 121
100 33 121
100 34 121
100 35 121
100 36 121
100 37 121
100 38 121
100 39 121
100 40 121
100 41 121
100 42 121
100 43 121
100 44 121
100 45 121
100 46 121
100 47 121
100 48 121
100 49 121
100 50 121
100 51 121
100 52 121
100 53 121
100 54 121
100 55 121
100 56 121
100 57 121
100 58 121
100 59 121
100 60 121
100 61 121
100 62 121
100 63 121
100 64 121
100 65 121
100 66 121
100 67 121
100 68 121
100 69 121
100 70 121
100 71 121
100 72 121
100 73 121
100 74 121
100 75 121
100 76 121
100 77 121
100 78 121
100 79 121
100 80 121
100 81 121
100 82 121
100 83 121
100 84 121
100 85 121
100 86 121
100 87 121
100 88 121
100 89 121
100 90 121
100 91 121
100 92 121
100 93 121
100 94 121
100 95 121
100 96 121
100 97 121
100 98 121
100 99 121
102 1 121
102 2 121
102 3 121
102 4 121
102 5 121
102 6 121
102 7 121
102 8 121
102 9 121
102 10 121
102 11 121
102 12 121
102 13 121
102 14 121
102 15 121
102 16 121
102 17 121
102 18 121
102 19 121
102 20 121
102 21 121
102 22 121
102 23 121
102 24 121
102 25 121
102 26 121
102 27 121
102 28 121
102 29 121
102 30 121
102 31 121
102 32 121
102 33 121
102 34 121
102 35 121
102 36 121
102 37 121
102 38 121
102 39 121
102 40 121
102 41 121
102 42 121
102 43 121
102 44 121
102 45 121
102 46 121
102 47 121
102 48 121
102 49 121
102 50 121
102 51 121
102 52 121
102 53 121
102 54 121
102 55 121
102 56 121
102 57 121
102 58 121
102 59 121
102 60 121
102 61 121
102 62 121
102 63 121
102 64 121
102 65 121
102 66 121
102 67 121
102 68 121
102 69 121
102 70 121
102 71 121
102 72 121
102 73 121
102 74 121
102 75 121
102 76 121
102 77 121
102 78 121
102 79 121
102 80 121
102 81 121
102 82 121
102 83 121
102 84 121
102 85 121
102 86 121
102 87 121
102 88 121
102 89 121
102 90 121
102 91 121
102 92 121
102 93 121
102 94 121
102 95 121
102 96 121
102 97 121
102 98 121
102 99 121
102 100 121
102 101 121
104 1 121
104 2 121
104 3 121
104 4 121
104 5 121
104 6 121
104 7 121
104 8 121
104 9 121
104 10 121
104 11 121
104 12 121
104 13 121
104 14 121
104 15 121
104 16 121
104 17 121
104 18 121
104 19 121
104 20 121
104 21 121
104 22 121
104 23 121
104 24 121
104 25 121
104 26 121
104 27 121
104 28 121
104 29 121
104 30 121
104 31 121
104 32 121
104 33 121
104 34 121
104 35 121
104 36 121
104 37 121
104 38 121
104 39 121
104 40 121
104 41 121
104 42 121
104 43 121
104 44 121
104 45 121
104 46 121
104 47 121
104 48 121
104 49 121
104 50 121
104 51 121
104 52 121
104 53 121
104 54 121
104 55 121
104 56 121
104 57 121
104 58 121
104 59 121
104 60 121
104 61 121
104 62 121
104 63 121
104 64 121
104 65 121
104 66 121
104 67 121
104 68 121
104 69 121
104 70 121
104 71 121
104 72 121
104 73 121
104 74 121
104 75 121
104 76 121
104 77 121
104 78 121
104 79 121
104 80 121
104 81 121
104 82 121
104 83 121
104 84 121
104 85 121
104 86 121
104 87 121
104 88 121
104 89 121
104 90 121
104 91 121
104 92 121
104 93 121
104 94 121
104 95 121
104 96 121
104 97 121
104 98 121
104 99 121
104 100 121
104 101 121
104 102 121
104 103 121
106 1 121
106 2 121
106 3 121
106 4 121
106 5 121
106 6 121
106 7 121
106 8 121
106 9 121
106 10 121
106 11 121
106 12 121
106 13 121
106 14 121
106 15 121
106 16 121
106 17 121
106 18 121
106 19 121
106 20 121
106 21 121
106 22 121
106 23 121
106 24 121
106 25 121
106 26 121
106 27 121
106 28 121
106 29 121
106 30 121
106 31 121
106 32 121
106 33 121
106 34 121
106 35 121
106 36 121
106 37 121
106 38 121
106 39 121
106 40 121
106 41 121
106 42 121
106 43 121
106 44 121
106 45 121
106 46 121
106 47 121
106 48 121
106 49 121
106 50 121
106 51 121
106 52 121
106 53 121
106 54 121
106 55 121
106 56 121
106 57 121
106 58 121
106 59 121
106 60 121
106 61 121
106 62 121
106 63 121
106 64 121
106 65 121
106 66 121
106 67 121
106 68 121
106 69 121
106 70 121
106 71 121
106 72 121
106 73 121
106 74 121
106 75 121
106 76 121
106 77 121
106 78 121
106 79 121
106 80 121
106 81 121
106 82 121
106 83 121
106 84 121
106 85 121
106 86 121
106 87 121
106 88 121
106 89 121
106 90 121
106 91 121
106 92 121
106 93 121
106 94 121
106 95 121
106 96 121
106 97 121
106 98 121
106 99 121
106 100 121
106 101 121
106 102 121
106 103 121
106 104 121
106 105 121
108 1 121
108 2 121
108 3 121
108 4 121
108 5 121
108 6 121
108 7 121
108 8 121
108 9 121
108 10 121
108 11 121
108 12 121
108 13 121
108 14 121
108 15 121
108 16 121
108 17 121
108 18 121
108 19 121
108 20 121
108 21 121
108 22 121
108 23 121
108 24 121
108 25 121
108 26 121
108 27 121
108 28 121
108 29 121
108 30 121
108 31 121
108 32 121
108 33 121
108 34 121
108 35 121
108 36 121
108 37 121
108 38 121
108 39 121
108 40 121
108 41 121
108 42 121
108 43 121
108 44 121
108 45 121
108 46 121
108 47 121
108 48 121
108 49 121
108 50 121
108 51 121
108 52 121
108 53 121
108 54 121
108 55 121
108 56 121
108 57 121
108 58 121
108 59 121
108 60 121
108 61 121
108 62 121
108 63 121
108 64 121
108 65 121
108 66 121
108 67 121
108 68 121
108 69 121
108 70 121
108 71 121
108 72 121
108 73 121
108 74 121
108 75 121
108 76 121
108 77 121
108 78 121
108 79 121
108 80 121
108 81 121
108 82 121
108 83 121
108 84 121
108 85 121
108 86 121
108 87 121
108 88 121
108 89 121
108 90 121
108 91 121
108 92 121
108 93 121
108 94 121
108 95 121
108 96 121
108 97 121
108 98 121
108 99 121
108 100 121
108 101 121
108 102 121
108 103 121
108 104 121
108 105 121
108 106 121
108 107 121
110 1 121
110 2 121
110 3 121
110 4 121
110 5 121
110 6 121
110 7 121
110 8 121
110 9 121
110 10 121
110 11 121
110 12 121
110 13 121
110 14 121
110 15 121
110 16 121
110 17 121
110 18 121
110 19 121
110 20 121
110 21 121
110 22 121
110 23 121
110 24 121
110 25 121
110 26 121
110 27 121
110 28 121
110 29 121
110 30 121
110 31 121
110 32 121
110 33 121
110 34 121
110 35 121
110 36 121
110 37 121
110 38 121
110 39 121
110 40 121
110 41 121
110 42 121
110 43 121
110 44 121
110 45 121
110 46 121
110 47 121
110 48 121
110 49 121
110 50 121
110 51 121
110 52 121
110 53 121
110 54 121
110 55 121
110 56 121
110 57 121
110 58 121
110 59 121
110 60 121
110 61 121
110 62 121
110 63 121
110 64 121
110 65 121
110 66 121
110 67 121
110 68 121
110 69 121
110 70 121
110 71 121
110 72 121
110 73 121
110 74 121
110 75 121
110 76 121
110 77 121
110 78 121
110 79 121
110 80 121
110 81 121
110 82 121
110 83 121
110 84 121
110 85 121
110 86 121
110 87 121
110 88 121
110 89 121
110 90 121
110 91 121
110 92 121
110 93 121
110 94 121
110 95 121
110 96 121
110 97 121
110 98 121
110 99 121
110 100 121
110 101 121
110 102 121
110 103 121
110 104 121
110 105 121
110 106 121
110 107 121
110 108 121
110 109 121
112 1 121
112 2 121
112 3 121
112 4 121
112 5 121
112 6 121
112 7 121
112 8 121
112 9 121
112 10 121
112 11 121
112 12 121
112 13 121
112 14 121
112 15 121
112 16 121
112 17 121
112 18 121
112 19 121
112 20 121
112 21 121
112 22 121
112 23 121
112 24 121
112 25 121
112 26 121
112 27 121
112 28 121
112 29 121
112 30 121
112 31 121
112 32 121
112 33 121
112 34 121
112 35 121
112 36 121
112 37 121
112 38 121
112 39 121
112 40 121
112 41 121
112 42 121
112 43 121
112 44 121
112 45 121
112 46 121
112 47 121
112 48 121
112 49 121
112 50 121
112 51 121
112 52 121
112 53 121
112 54 121
112 55 121
112 56 121
112 57 121
112 58 121
112 59 121
112 60 121
112 61 121
112 62 121
112 63 121
112 64 121
112 65 121
112 66 121
112 67 121
112 68 121
112 69 121
112 70 121
112 71 121
112 72 121
112 73 121
112 74 121
112 75 121
112 76 121
112 77 121
112 78 121
112 79 121
112 80 121
112 81 121
112 82 121
112 83 121
112 84 121
112 85 121
112 86 121
112 87 121
112 88 121
112 89 121
112 90 121
112 91 121
112 92 121
112 93 121
112 94 121
112 95 121
112 96 121
112 97 121
112 98 121
112 99 121
112 100 121
112 101 121
112 102 121
112 103 121
112 104 121
112 105 121
112 106 121
112 107 121
112 108 121
112 109 121
112 110 121
112 111 121
114 1 121
114 2 121
114 3 121
114 4 121
114 5 121
114 6 121
114 7 121
114 8 121
114 9 121
114 10 121
114 11 121
114 12 121
114 13 121
114 14 121
114 15 121
114 16 121
114 17 121
114 18 121
114 19 121
114 20 121
114 21 121
114 22 121
114 23 121
114 24 121
114 25 121
114 26 121
114 27 121
114 28 121
114 29 121
114 30 121
114 31 121
114 32 121
114 33 121
114 34 121
114 35 121
114 36 121
114 37 121
114 38 121
114 39 121
114 40 121
114 41 121
114 42 121
114 43 121
114 44 121
114 45 121
114 46 121
114 47 121
114 48 121
114 49 121
114 50 121
114 51 121
114 52 121
114 53 121
114 54 121
114 55 121
114 56 121
114 57 121
114 58 121
114 59 121
114 60 121
114 61 121
114 62 121
114 63 121
114 64 121
114 65 121
114 66 121
114 67 121
114 68 121
114 69 121
114 70 121
114 71 121
114 72 121
114 73 121
114 74 121
114 75 121
114 76 121
114 77 121
114 78 121
114 79 121
114 80 121
114 81 121
114 82 121
114 83 121
114 84 121
114 85 121
114 86 121
114 87 121
114 88 121
114 89 121
114 90 121
114 91 121
114 92 121
114 93 121
114 94 121
114 95 121
114 96 121
114 97 121
114 98 121
114 99 121
114 100 121
114 101 121
114 102 121
114 103 121
114 104 121
114 105 121
114 106 121
114 107 121
114 108 121
114 109 121
114 110 121
114 111 121
114 112 121
114 113 121
116 1 121
116 2 121
116 3 121
116 4 121
116 5 121
116 6 121
116 7 121
116 8 121
116 9 121
116 10 121
116 11 121
116 12 121
116 13 121
116 14 121
116 15 121
116 16 121
116 17 121
116 18 121
116 19 121
116 20 121
116 21 121
116 22 121
116 23 121
116 24 121
116 25 121
116 26 121
116 27 121
116 28 121
116 29 121
116 30 121
116 31 121
116 32 121
116 33 121
116 34 121
116 35 121
116 36 121
116 37 121
116 38 121
116 39 121
116 40 121
116 41 121
116 42 121
116 43 121
116 44 121
116 45 121
116 46 121
116 47 121
116 48 121
116 49 121
116 50 121
116 51 121
116 52 121
116 53 121
116 54 121
116 55 121
116 56 121
116 57 121
116 58 121
116 59 121
116 60 121
116 61 121
116 62 121
116 63 121
116 64 121
116 65 121
116 66 121
116 67 121
116 68 121
116 69 121
116 70 121
116 71 121
116 72 121
116 73 121
116 74 121
116 75 121
116 76 121
116 77 121
116 78 121
116 79 121
116 80 121
116 81 121
116 82 121
116 83 121
116 84 121
116 85 121
116 86 121
116 87 121
116 88 121
116 89 121
116 90 121
116 91 121
116 92 121
116 93 121
116 94 121
116 95 121
116 96 121
116 97 121
116 98 121
116 99 121
116 100 121
116 101 121
116 102 121
116 103 121
116 104 121
116 105 121
116 106 121
116 107 121
116 108 121
116 109 121
116 110 121
116 111 121
116 112 121
116 113 121
116 114 121
116 115 121
118 1 121
118 2 121
118 3 121
118 4 121
118 5 121
118 6 121
118 7 121
118 8 121
118 9 121
118 10 121
118 11 121
118 12 121
118 13 121
118 14 121
118 15 121
118 16 121
118 17 121
118 18 121
118 19 121
118 20 121
118 21 121
118 22 121
118 23 121
118 24 121
118 25 121
118 26 121
118 27 121
118 28 121
118 29 121
118 30 121
118 31 121
118 32 121
118 33 121
118 34 121
118 35 121
118 36 121
118 37 121
118 38 121
118 39 121
118 40 121
118 41 121
118 42 121
118 43 121
118 44 121
118 45 121
118 46 121
118 47 121
118 48 121
118 49 121
118 50 121
118 51 121
118 52 121
118 53 121
118 54 121
118 55 121
118 56 121
118 57 121
118 58 121
118 59 121
118 60 121
118 61 121
118 62 121
118 63 121
118 64 121
118 65 121
118 66 121
118 67 121
118 68 121
118 69 121
118 70 121
118 71 121
118 72 121
118 73 121
118 74 121
118 75 121
118 76 121
118 77 121
118 78 121
118 79 121
118 80 121
118 81 121
118 82 121
118 83 121
118 84 121
118 85 121
118 86 121
118 87 121
118 88 121
118 89 121
118 90 121
118 91 121
118 92 121
118 93 121
118 94 121
118 95 121
118 96 121
118 97 121
118 98 121
118 99 121
118 100 121
118 101 121
118 102 121
118 103 121
118 104 121
118 105 121
118 106 121
118 107 121
118 108 121
118 109 121
118 110 121
118 111 121
118 112 121
118 113 121
118 114 121
118 115 121
118 116 121
118 117 121
120 1 121
120 2 121
120 3 121
120 4 121
120 5 121
120 6 121
120 7 121
120 8 121
120 9 121
120 10 121
120 11 121
120 12 121
120 13 121
120 14 121
120 15 121
120 16 121
120 17 121
120 18 121
120 19 121
120 20 121
120 21 121
120 22 121
120 23 121
120 24 121
120 25 121
120 26 121
120 27 121
120 28 121
120 29 121
120 30 121
120 31 121
120 32 121
120 33 121
120 34 121
120 35 121
120 36 121
120 37 121
120 38 121
120 39 121
120 40 121
120 41 121
120 42 121
120 43 121
120 44 121
120 45 121
120 46 121
120 47 121
120 48 121
120 49 121
120 50 121
120 51 121
120 52 121
120 53 121
120 54 121
120 55 121
120 56 121
120 57 121
120 58 121
120 59 121
120 60 121
120 61 121
120 62 121
120 63 121
120 64 121
120 65 121
120 66 121
120 67 121
120 68 121
120 69 121
120 70 121
120 71 121
120 72 121
120 73 121
120 74 121
120 75 121
120 76 121
120 77 121
120 78 121
120 79 121
120 80 121
120 81 121
120 82 121
120 83 121
120 84 121
120 85 121
120 86 121
120 87 121
120 88 121
120 89 121
120 90 121
120 91 121
120 92 121
120 93 121
120 94 121
120 95 121
120 96 121
120 97 121
120 98 121
120 99 121
120 100 121
120 101 121
120 102 121
120 103 121
120 104 121
120 105 121
120 106 121
120 107 121
120 108 121
120 109 121
120 110 121
120 111 121
120 112 121
120 113 121
120 114 121
120 115 121
120 116 121
120 117 121
120 118 121
120 119 121
1 2 3 4 5 6 7 8 9 10 11 12 13 14 15 16 17 18 19 20 21 22 23 24 25 26 27 28 29 30 31 32 33 34 35 36 37 38 39 40 41 42 43 44 45 46 47 48 49 50 51 52 53 54 55 56 57 58 59 60 61 62 63 64 65 66 67 68 69 70 71 72 73 74 75 76 77 78 79 80 81 82 83 84 85 86 87 88 89 90 91 92 93 94 95 96 97 98 99 100 101 102 103 104 105 106 107 108 109 110 111 112 113 114 115 116 117 118 119 122
1 2 3 4 5 6 7 8 9 10 11 12 13 14 15 16 17 18 19 20 21 22 23 24 25 26 27 28 29 30 31 32 33 34 35 36 37 38 39 40 41 42 43 44 45 46 47 48 49 50 51 52 53 54 55 56 57 58 59 60 61 62 63 64 65 66 67 68 69 70 71 72 73 74 75 76 77 78 79 80 81 82 83 84 85 86 87 88 89 90 91 92 93 94 95 96 97 98 99 100 101 102 103 104 105 106 107 108 109 110 111 112 113 114 115 116 117 120 122
1 2 3 4 5 6 7 8 9 10 11 12 13 14 15 16 17 18 19 20 21 22 23 24 25 26 27 28 29 30 31 32 33 34 35 36 37 38 39 40 41 42 43 44 45 46 47 48 49 50 51 52 53 54 55 56 57 58 59 60 61 62 63 64 65 66 67 68 69 70 71 72 73 74 75 76 77 78 79 80 81 82 83 84 85 86 87 88 89 90 91 92 93 94 95 96 97 98 99 100 101 102 103 104 105 106 107 108 109 110 111 112 113 114 115 118 120 122
1 2 3 4 5 6 7 8 9 10 11 12 13 14 15 16 17 18 19 20 21 22 23 24 25 26 27 28 29 30 31 32 33 34 35 36 37 38 39 40 41 42 43 44 45 46 47 48 49 50 51 52 53 54 55 56 57 58 59 60 61 62 63 64 65 66 67 68 69 70 71 72 73 74 75 76 77 78 79 80 81 82 83 84 85 86 87 88 89 90 91 92 93 94 95 96 97 98 99 100 101 102 103 104 105 106 107 108 109 110 111 112 113 116 118 120 122
1 2 3 4 5 6 7 8 9 10 11 12 13 14 15 16 17 18 19 20 21 22 23 24 25 26 27 28 29 30 31 32 33 34 35 36 37 38 39 40 41 42 43 44 45 46 47 48 49 50 51 52 53 54 55 56 57 58 59 60 61 62 63 64 65 66 67 68 69 70 71 72 73 74 75 76 77 78 79 80 81 82 83 84 85 86 87 88 89 90 91 92 93 94 95 96 97 98 99 100 101 102 103 104 105 106 107 108 109 110 111 114 116 118 120 122
1 2 3 4 5 6 7 8 9 10 11 12 13 14 15 16 17 18 19 20 21 22 23 24 25 26 27 28 29 30 31 32 33 34 35 36 37 38 39 40 41 42 43 44 45 46 47 48 49 50 51 52 53 54 55 56 57 58 59 60 61 62 63 64 65 66 67 68 69 70 71 72 73 74 75 76 77 78 79 80 81 82 83 84 85 86 87 88 89 90 91 92 93 94 95 96 97 98 99 100 101 102 103 104 105 106 107 108 109 112 114 116 118 120 122
1 2 3 4 5 6 7 8 9 10 11 12 13 14 15 16 17 18 19 20 21 22 23 24 25 26 27 28 29 30 31 32 33 34 35 36 37 38 39 40 41 42 43 44 45 46 47 48 49 50 51 52 53 54 55 56 57 58 59 60 61 62 63 64 65 66 67 68 69 70 71 72 73 74 75 76 77 78 79 80 81 82 83 84 85 86 87 88 89 90 91 92 93 94 95 96 97 98 99 100 101 102 103 104 105 106 107 110 112 114 116 118 120 122
1 2 3 4 5 6 7 8 9 10 11 12 13 14 15 16 17 18 19 20 21 22 23 24 25 26 27 28 29 30 31 32 33 34 35 36 37 38 39 40 41 42 43 44 45 46 47 48 49 50 51 52 53 54 55 56 57 58 59 60 61 62 63 64 65 66 67 68 69 70 71 72 73 74 75 76 77 78 79 80 81 82 83 84 85 86 87 88 89 90 91 92 93 94 95 96 97 98 99 100 101 102 103 104 105 108 110 112 114 116 118 120 122
1 2 3 4 5 6 7 8 9 10 11 12 13 14 15 16 17 18 19 20 21 22 23 24 25 26 27 28 29 30 31 32 33 34 35 36 37 38 39 40 41 42 43 44 45 46 47 48 49 50 51 52 53 54 55 56 57 58 59 60 61 62 63 64 65 66 67 68 69 70 71 72 73 74 75 76 77 78 79 80 81 82 83 84 85 86 87 88 89 90 91 92 93 94 95 96 97 98 99 100 101 102 103 106 108 110 112 114 116 118 120 122
1 2 3 4 5 6 7 8 9 10 11 12 13 14 15 16 17 18 19 20 21 22 23 24 25 26 27 28 29 30 31 32 33 34 35 36 37 38 39 40 41 42 43 44 45 46 47 48 49 50 51 52 53 54 55 56 57 58 59 60 61 62 63 64 65 66 67 68 69 70 71 72 73 74 75 76 77 78 79 80 81 82 83 84 85 86 87 88 89 90 91 92 93 94 95 96 97 98 99 100 101 104 106 108 110 112 114 116 118 120 122
1 2 3 4 5 6 7 8 9 10 11 12 13 14 15 16 17 18 19 20 21 22 23 24 25 26 27 28 29 30 31 32 33 34 35 36 37 38 39 40 41 42 43 44 45 46 47 48 49 50 51 52 53 54 55 56 57 58 59 60 61 62 63 64 65 66 67 68 69 70 71 72 73 74 75 76 77 78 79 80 81 82 83 84 85 86 87 88 89 90 91 92 93 94 95 96 97 98 99 102 104 106 108 110 112 114 116 118 120 122
1 2 3 4 5 6 7 8 9 10 11 12 13 14 15 16 17 18 19 20 21 22 23 24 25 26 27 28 29 30 31 32 33 34 35 36 37 38 39 40 41 42 43 44 45 46 47 48 49 50 51 52 53 54 55 56 57 58 59 60 61 62 63 64 65 66 67 68 69 70 71 72 73 74 75 76 77 78 79 80 81 82 83 84 85 86 87 88 89 90 91 92 93 94 95 96 97 100 102 104 106 108 110 112 114 116 118 120 122
1 2 3 4 5 6 7 8 9 10 11 12 13 14 15 16 17 18 19 20 21 22 23 24 25 26 27 28 29 30 31 32 33 34 35 36 37 38 39 40 41 42 43 44 45 46 47 48 49 50 51 52 53 54 55 56 57 58 59 60 61 62 63 64 65 66 67 68 69 70 71 72 73 74 75 76 77 78 79 80 81 82 83 84 85 86 87 88 89 90 91 92 93 94 95 98 100 102 104 106 108 110 112 114 116 118 120 122
1 2 3 4 5 6 7 8 9 10 11 12 13 14 15 16 17 18 19 20 21 22 23 24 25 26 27 28 29 30 31 32 33 34 35 36 37 38 39 40 41 42 43 44 45 46 47 48 49 50 51 52 53 54 55 56 57 58 59 60 61 62 63 64 65 66 67 68 69 70 71 72 73 74 75 76 77 78 79 80 81 82 83 84 85 86 87 88 89 90 91 92 93 96 98 100 102 104 106 108 110 112 114 116 118 120 122
1 2 3 4 5 6 7 8 9 10 11 12 13 14 15 16 17 18 19 20 21 22 23 24 25 26 27 28 29 30 31 32 33 34 35 36 37 38 39 40 41 42 43 44 45 46 47 48 49 50 51 52 53 54 55 56 57 58 59 60 61 62 63 64 65 66 67 68 69 70 71 72 73 74 75 76 77 78 79 80 81 82 83 84 85 86 87 88 89 90 91 94 96 98 100 102 104 106 108 110 112 114 116 118 120 122
1 2 3 4 5 6 7 8 9 10 11 12 13 14 15 16 17 18 19 20 21 22 23 24 25 26 27 28 29 30 31 32 33 34 35 36 37 38 39 40 41 42 43 44 45 46 47 48 49 50 51 52 53 54 55 56 57 58 59 60 61 62 63 64 65 66 67 68 69 70 71 72 73 74 75 76 77 78 79 80 81 82 83 84 85 86 87 88 89 92 94 96 98 100 102 104 106 108 110 112 114 116 118 120 122
1 2 3 4 5 6 7 8 9 10 11 12 13 14 15 16 17 18 19 20 21 22 23 24 25 26 27 28 29 30 31 32 33 34 35 36 37 38 39 40 41 42 43 44 45 46 47 48 49 50 51 52 53 54 55 56 57 58 59 60 61 62 63 64 65 66 67 68 69 70 71 72 73 74 75 76 77 78 79 80 81 82 83 84 85 86 87 90 92 94 96 98 100 102 104 106 108 110 112 114 116 118 120 122
1 2 3 4 5 6 7 8 9 10 11 12 13 14 15 16 17 18 19 20 21 22 23 24 25 26 27 28 29 30 31 32 33 34 35 36 37 38 39 40 41 42 43 44 45 46 47 48 49 50 51 52 53 54 55 56 57 58 59 60 61 62 63 64 65 66 67 68 69 70 71 72 73 74 75 76 77 78 79 80 81 82 83 84 85 88 90 92 94 96 98 100 102 104 106 108 110 112 114 116 118 120 122
1 2 3 4 5 6 7 8 9 10 11 12 13 14 15 16 17 18 19 20 21 22 23 24 25 26 27 28 29 30 31 32 33 34 35 36 37 38 39 40 41 42 43 44 45 46 47 48 49 50 51 52 53 54 55 56 57 58 59 60 61 62 63 64 65 66 67 68 69 70 71 72 73 74 75 76 77 78 79 80 81 82 83 86 88 90 92 94 96 98 100 102 104 106 108 110 112 114 116 118 120 122
1 2 3 4 5 6 7 8 9 10 11 12 13 14 15 16 17 18 19 20 21 22 23 24 25 26 27 28 29 30 31 32 33 34 35 36 37 38 39 40 41 42 43 44 45 46 47 48 49 50 51 52 53 54 55 56 57 58 59 60 61 62 63 64 65 66 67 68 69 70 71 72 73 74 75 76 77 78 79 80 81 84 86 88 90 92 94 96 98 100 102 104 106 108 110 112 114 116 118 120 122
1 2 3 4 5 6 7 8 9 10 11 12 13 14 15 16 17 18 19 20 21 22 23 24 25 26 27 28 29 30 31 32 33 34 35 36 37 38 39 40 41 42 43 44 45 46 47 48 49 50 51 52 53 54 55 56 57 58 59 60 61 62 63 64 65 66 67 68 69 70 71 72 73 74 75 76 77 78 79 82 84 86 88 90 92 94 96 98 100 102 104 106 108 110 112 114 116 118 120 122
1 2 3 4 5 6 7 8 9 10 11 12 13 14 15 16 17 18 19 20 21 22 23 24 25 26 27 28 29 30 31 32 33 34 35 36 37 38 39 40 41 42 43 44 45 46 47 48 49 50 51 52 53 54 55 56 57 58 59 60 61 62 63 64 65 66 67 68 69 70 71 72 73 74 75 76 77 80 82 84 86 88 90 92 94 96 98 100 102 104 106 108 110 112 114 116 118 120 122
1 2 3 4 5 6 7 8 9 10 11 12 13 14 15 16 17 18 19 20 21 22 23 24 25 26 27 28 29 30 31 32 33 34 35 36 37 38 39 40 41 42 43 44 45 46 47 48 49 50 51 52 53 54 55 56 57 58 59 60 61 62 63 64 65 66 67 68 69 70 71 72 73 74 75 78 80 82 84 86 88 90 92 94 96 98 100 102 104 106 108 110 112 114 116 118 120 122
1 2 3 4 5 6 7 8 9 10 11 12 13 14 15 16 17 18 19 20 21 22 23 24 25 26 27 28 29 30 31 32 33 34 35 36 37 38 39 40 41 42 43 44 45 46 47 48 49 50 51 52 53 54 55 56 57 58 59 60 61 62 63 64 65 66 67 68 69 70 71 72 73 76 78 80 82 84 86 88 90 92 94 96 98 100 102 104 106 108 110 112 114 116 118 120 122
1 2 3 4 5 6 7 8 9 10 11 12 13 14 15 16 17 18 19 20 21 22 23 24 25 26 27 28 29 30 31 32 33 34 35 36 37 38 39 40 41 42 43 44 45 46 47 48 49 50 51 52 53 54 55 56 57 58 59 60 61 62 63 64 65 66 67 68 69 70 71 74 76 78 80 82 84 86 88 90 92 94 96 98 100 102 104 106 108 110 112 114 116 118 120 122
1 2 3 4 5 6 7 8 9 10 11 12 13 14 15 16 17 18 19 20 21 22 23 24 25 26 27 28 29 30 31 32 33 34 35 36 37 38 39 40 41 42 43 44 45 46 47 48 49 50 51 52 53 54 55 56 57 58 59 60 61 62 63 64 65 66 67 68 69 72 74 76 78 80 82 84 86 88 90 92 94 96 98 100 102 104 106 108 110 112 114 116 118 120 122
1 2 3 4 5 6 7 8 9 10 11 12 13 14 15 16 17 18 19 20 21 22 23 24 25 26 27 28 29 30 31 32 33 34 35 36 37 38 39 40 41 42 43 44 45 46 47 48 49 50 51 52 53 54 55 56 57 58 59 60 61 62 63 64 65 66 67 70 72 74 76 78 80 82 84 86 88 90 92 94 96 98 100 102 104 106 108 110 112 114 116 118 120 122
1 2 3 4 5 6 7 8 9 10 11 12 13 14 15 16 17 18 19 20 21 22 23 24 25 26 27 28 29 30 31 32 33 34 35 36 37 38 39 40 41 42 43 44 45 46 47 48 49 50 51 52 53 54 55 56 57 58 59 60 61 62 63 64 65 68 70 72 74 76 78 80 82 84 86 88 90 92 94 96 98 100 102 104 106 108 110 112 114 116 118 120 122
1 2 3 4 5 6 7 8 9 10 11 12 13 14 15 16 17 18 19 20 21 22 23 24 25 26 27 28 29 30 31 32 33 34 35 36 37 38 39 40 41 42 43 44 45 46 47 48 49 50 51 52 53 54 55 56 57 58 59 60 61 62 63 66 68 70 72 74 76 78 80 82 84 86 88 90 92 94 96 98 100 102 104 106 108 110 112 114 116 118 120 122
1 2 3 4 5 6 7 8 9 10 11 12 13 14 15 16 17 18 19 20 21 22 23 24 25 26 27 28 29 30 31 32 33 34 35 36 37 38 39 40 41 42 43 44 45 46 47 48 49 50 51 52 53 54 55 56 57 58 59 60 61 64 66 68 70 72 74 76 78 80 82 84 86 88 90 92 94 96 98 100 102 104 106 108 110 112 114 116 118 120 122
1 2 3 4 5 6 7 8 9 10 11 12 13 14 15 16 17 18 19 20 21 22 23 24 25 26 27 28 29 30 31 32 33 34 35 36 37 38 39 40 41 42 43 44 45 46 47 48 49 50 51 52 53 54 55 56 57 58 59 62 64 66 68 70 72 74 76 78 80 82 84 86 88 90 92 94 96 98 100 102 104 106 108 110 112 114 116 118 120 122
1 2 3 4 5 6 7 8 9 10 11 12 13 14 15 16 17 18 19 20 21 22 23 24 25 26 27 28 29 30 31 32 33 34 35 36 37 38 39 40 41 42 43 44 45 46 47 48 49 50 51 52 53 54 55 56 57 60 62 64 66 68 70 72 74 76 78 80 82 84 86 88 90 92 94 96 98 100 102 104 106 108 110 112 114 116 118 120 122
1 2 3 4 5 6 7 8 9 10 11 12 13 14 15 16 17 18 19 20 21 22 23 24 25 26 27 28 29 30 31 32 33 34 35 36 37 38 39 40 41 42 43 44 45 46 47 48 49 50 51 52 53 54 55 58 60 62 64 66 68 70 72 74 76 78 80 82 84 86 88 90 92 94 96 98 100 102 104 106 108 110 112 114 116 118 120 122
1 2 3 4 5 6 7 8 9 10 11 12 13 14 15 16 17 18 19 20 21 22 23 24 25 26 27 28 29 30 31 32 33 34 35 36 37 38 39 40 41 42 43 44 45 46 47 48 49 50 51 52 53 56 58 60 62 64 66 68 70 72 74 76 78 80 82 84 86 88 90 92 94 96 98 100 102 104 106 108 110 112 114 116 118 120 122
1 2 3 4 5 6 7 8 9 10 11 12 13 14 15 16 17 18 19 20 21 22 23 24 25 26 27 28 29 30 31 32 33 34 35 36 37 38 39 40 41 42 43 44 45 46 47 48 49 50 51 54 56 58 60 62 64 66 68 70 72 74 76 78 80 82 84 86 88 90 92 94 96 98 100 102 104 106 108 110 112 114 116 118 120 122
1 2 3 4 5 6 7 8 9 10 11 12 13 14 15 16 17 18 19 20 21 22 23 24 25 26 27 28 29 30 31 32 33 34 35 36 37 38 39 40 41 42 43 44 45 46 47 48 49 52 54 56 58 60 62 64 66 68 70 72 74 76 78 80 82 84 86 88 90 92 94 96 98 100 102 104 106 108 110 112 114 116 118 120 122
1 2 3 4 5 6 7 8 9 10 11 12 13 14 15 16 17 18 19 20 21 22 23 24 25 26 27 28 29 30 31 32 33 34 35 36 37 38 39 40 41 42 43 44 45 46 47 50 52 54 56 58 60 62 64 66 68 70 72 74 76 78 80 82 84 86 88 90 92 94 96 98 100 102 104 106 108 110 112 114 116 118 120 122
1 2 3 4 5 6 7 8 9 10 11 12 13 14 15 16 17 18 19 20 21 22 23 24 25 26 27 28 29 30 31 32 33 34 35 36 37 38 39 40 41 42 43 44 45 48 50 52 54 56 58 60 62 64 66 68 70 72 74 76 78 80 82 84 86 88 90 92 94 96 98 100 102 104 106 108 110 112 114 116 118 120 122
1 2 3 4 5 6 7 8 9 10 11 12 13 14 15 16 17 18 19 20 21 22 23 24 25 26 27 28 29 30 31 32 33 34 35 36 37 38 39 40 41 42 43 46 48 50 52 54 56 58 60 62 64 66 68 70 72 74 76 78 80 82 84 86 88 90 92 94 96 98 100 102 104 106 108 110 112 114 116 118 120 122
1 2 3 4 5 6 7 8 9 10 11 12 13 14 15 16 17 18 19 20 21 22 23 24 25 26 27 28 29 30 31 32 33 34 35 36 37 38 39 40 41 44 46 48 50 52 54 56 58 60 62 64 66 68 70 72 74 76 78 80 82 84 86 88 90 92 94 96 98 100 102 104 106 108 110 112 114 116 118 120 122
1 2 3 4 5 6 7 8 9 10 11 12 13 14 15 16 17 18 19 20 21 22 23 24 25 26 27 28 29 30 31 32 33 34 35 36 37 38 39 42 44 46 48 50 52 54 56 58 60 62 64 66 68 70 72 74 76 78 80 82 84 86 88 90 92 94 96 98 100 102 104 106 108 110 112 114 116 118 120 122
1 2 3 4 5 6 7 8 9 10 11 12 13 14 15 16 17 18 19 20 21 22 23 24 25 26 27 28 29 30 31 32 33 34 35 36 37 40 42 44 46 48 50 52 54 56 58 60 62 64 66 68 70 72 74 76 78 80 82 84 86 88 90 92 94 96 98 100 102 104 106 108 110 112 114 116 118 120 122
1 2 3 4 5 6 7 8 9 10 11 12 13 14 15 16 17 18 19 20 21 22 23 24 25 26 27 28 29 30 31 32 33 34 35 38 40 42 44 46 48 50 52 54 56 58 60 62 64 66 68 70 72 74 76 78 80 82 84 86 88 90 92 94 96 98 100 102 104 106 108 110 112 114 116 118 120 122
1 2 3 4 5 6 7 8 9 10 11 12 13 14 15 16 17 18 19 20 21 22 23 24 25 26 27 28 29 30 31 32 33 36 38 40 42 44 46 48 50 52 54 56 58 60 62 64 66 68 70 72 74 76 78 80 82 84 86 88 90 92 94 96 98 100 102 104 106 108 110 112 114 116 118 120 122
1 2 3 4 5 6 7 8 9 10 11 12 13 14 15 16 17 18 19 20 21 22 23 24 25 26 27 28 29 30 31 34 36 38 40 42 44 46 48 50 52 54 56 58 60 62 64 66 68 70 72 74 76 78 80 82 84 86 88 90 92 94 96 98 100 102 104 106 108 110 112 114 116 118 120 122
1 2 3 4 5 6 7 8 9 10 11 12 13 14 15 16 17 18 19 20 21 22 23 24 25 26 27 28 29 32 34 36 38 40 42 44 46 48 50 52 54 56 58 60 62 64 66 68 70 72 74 76 78 80 82 84 86 88 90 92 94 96 98 100 102 104 106 108 110 112 114 116 118 120 122
1 2 3 4 5 6 7 8 9 10 11 12 13 14 15 16 17 18 19 20 21 22 23 24 25 26 27 30 32 34 36 38 40 42 44 46 48 50 52 54 56 58 60 62 64 66 68 70 72 74 76 78 80 82 84 86 88 90 92 94 96 98 100 102 104 106 108 110 112 114 116 118 120 122
1 2 3 4 5 6 7 8 9 10 11 12 13 14 15 16 17 18 19 20 21 22 23 24 25 28 30 32 34 36 38 40 42 44 46 48 50 52 54 56 58 60 62 64 66 68 70 72 74 76 78 80 82 84 86 88 90 92 94 96 98 100 102 104 106 108 110 112 114 116 118 120 122
1 2 3 4 5 6 7 8 9 10 11 12 13 14 15 16 17 18 19 20 21 22 23 26 28 30 32 34 36 38 40 42 44 46 48 50 52 54 56 58 60 62 64 66 68 70 72 74 76 78 80 82 84 86 88 90 92 94 96 98 100 102 104 106 108 110 112 114 116 118 120 122
1 2 3 4 5 6 7 8 9 10 11 12 13 14 15 16 17 18 19 20 21 24 26 28 30 32 34 36 38 40 42 44 46 48 50 52 54 56 58 60 62 64 66 68 70 72 74 76 78 80 82 84 86 88 90 92 94 96 98 100 102 104 106 108 110 112 114 116 118 120 122
1 2 3 4 5 6 7 8 9 10 11 12 13 14 15 16 17 18 19 22 24 26 28 30 32 34 36 38 40 42 44 46 48 50 52 54 56 58 60 62 64 66 68 70 72 74 76 78 80 82 84 86 88 90 92 94 96 98 100 102 104 106 108 110 112 114 116 118 120 122
1 2 3 4 5 6 7 8 9 10 11 12 13 14 15 16 17 20 22 24 26 28 30 32 34 36 38 40 42 44 46 48 50 52 54 56 58 60 62 64 66 68 70 72 74 76 78 80 82 84 86 88 90 92 94 96 98 100 102 104 106 108 110 112 114 116 118 120 122
1 2 3 4 5 6 7 8 9 10 11 12 13 14 15 18 20 22 24 26 28 30 32 34 36 38 40 42 44 46 48 50 52 54 56 58 60 62 64 66 68 70 72 74 76 78 80 82 84 86 88 90 92 94 96 98 100 102 104 106 108 110 112 114 116 118 120 122
1 2 3 4 5 6 7 8 9 10 11 12 13 16 18 20 22 24 26 28 30 32 34 36 38 40 42 44 46 48 50 52 54 56 58 60 62 64 66 68 70 72 74 76 78 80 82 84 86 88 90 92 94 96 98 100 102 104 106 108 110 112 114 116 118 120 122
1 2 3 4 5 6 7 8 9 10 11 14 16 18 20 22 24 26 28 30 32 34 36 38 40 42 44 46 48 50 52 54 56 58 60 62 64 66 68 70 72 74 76 78 80 82 84 86 88 90 92 94 96 98 100 102 104 106 108 110 112 114 116 118 120 122
1 2 3 4 5 6 7 8 9 12 14 16 18 20 22 24 26 28 30 32 34 36 38 40 42 44 46 48 50 52 54 56 58 60 62 64 66 68 70 72 74 76 78 80 82 84 86 88 90 92 94 96 98 100 102 104 106 108 110 112 114 116 118 120 122
1 2 3 4 5 6 7 10 12 14 16 18 20 22 24 26 28 30 32 34 36 38 40 42 44 46 48 50 52 54 56 58 60 62 64 66 68 70 72 74 76 78 80 82 84 86 88 90 92 94 96 98 100 102 104 106 108 110 112 114 116 118 120 122
1 2 3 4 5 8 10 12 14 16 18 20 22 24 26 28 30 32 34 36 38 40 42 44 46 48 50 52 54 56 58 60 62 64 66 68 70 72 74 76 78 80 82 84 86 88 90 92 94 96 98 100 102 104 106 108 110 112 114 116 118 120 122
1 2 3 6 8 10 12 14 16 18 20 22 24 26 28 30 32 34 36 38 40 42 44 46 48 50 52 54 56 58 60 62 64 66 68 70 72 74 76 78 80 82 84 86 88 90 92 94 96 98 100 102 104 106 108 110 112 114 116 118 120 122
1 4 6 8 10 12 14 16 18 20 22 24 26 28 30 32 34 36 38 40 42 44 46 48 50 52 54 56 58 60 62 64 66 68 70 72 74 76 78 80 82 84 86 88 90 92 94 96 98 100 102 104 106 108 110 112 114 116 118 120 122
2 4 6 8 10 12 14 16 18 20 22 24 26 28 30 32 34 36 38 40 42 44 46 48 50 52 54 56 58 60 62 64 66 68 70 72 74 76 78 80 82 84 86 88 90 92 94 96 98 100 102 104 106 108 110 112 114 116 118 120 122
121 122
