2 1 141
4 1 141
4 2 141
4 3 141
6 1 141
6 2 141
6 3 141
6 4 141
6 5 141
8 1 141
8 2 141
8 3 141
8 4 141
8 5 141
8 6 141
8 7 141
10 1 141
10 2 141
10 3 141
10 4 141
10 5 141
10 6 141
10 7 141
10 8 141
10 9 141
12 1 141
12 2 141
12 3 141
12 4 141
12 5 141
12 6 141
12 7 141
12 8 141
12 9 141
12 10 141
12 11 141
14 1 141
14 2 141
14 3 141
14 4 141
14 5 141
14 6 141
14 7 141
14 8 141
14 9 141
14 10 141
14 11 141
14 12 141
14 13 141
16 1 141
16 2 141
16 3 141
16 4 141
16 5 141
16 6 141
16 7 141
16 8 141
16 9 141
16 10 141
16 11 141
16 12 141
16 13 141
16 14 141
16 15 141
18 1 141
18 2 141
18 3 141
18 4 141
18 5 141
18 6 141
18 7 141
18 8 141
18 9 141
18 10 141
18 11 141
18 12 141
18 13 141
18 14 141
18 15 141
18 16 141
18 17 141
20 1 141
20 2 141
20 3 141
20 4 141
20 5 141
20 6 141
20 7 141
20 8 141
20 9 141
20 10 141
20 11 141
20 12 141
20 13 141
20 14 141
20 15 141
20 16 141
20 17 141
20 18 141
20 19 141
22 1 141
22 2 141
22 3 141
22 4 141
22 5 141
22 6 141
22 7 141
22 8 141
22 9 141
22 10 141
22 11 141
22 12 141
22 13 141
22 14 141
22 15 141
22 16 141
22 17 141
22 18 141
22 19 141
22 20 141
22 21 141
24 1 141
24 2 141
24 3 141
24 4 141
24 5 141
24 6 141
24 7 141
24 8 141
24 9 141
24 10 141
24 11 141
24 12 141
24 13 141
24 14 141
24 15 141
24 16 141
24 17 141
24 18 141
24 19 141
24 20 141
24 21 141
24 22 141
24 23 141
26 1 141
26 2 141
26 3 141
26 4 141
26 5 141
26 6 141
26 7 141
26 8 141
26 9 141
26 10 141
26 11 141
26 12 141
26 13 141
26 14 141
26 15 141
26 16 141
26 17 141
26 18 141
26 19 141
26 20 141
26 21 141
26 22 141
26 23 141
26 24 141
26 25 141
28 1 141
28 2 141
28 3 141
28 4 141
28 5 141
28 6 141
28 7 141
28 8 141
28 9 141
28 10 141
28 11 141
28 12 141
28 13 141
28 14 141
28 15 141
28 16 141
28 17 141
28 18 141
28 19 141
28 20 141
28 21 141
28 22 141
28 23 141
28 24 141
28 25 141
28 26 141
28 27 141
30 1 141
30 2 141
30 3 141
30 4 141
30 5 141
30 6 141
30 7 141
30 8 141
30 9 141
30 10 141
30 11 141
30 12 141
30 13 141
30 14 141
30 15 141
30 16 141
30 17 141
30 18 141
30 19 141
30 20 141
30 21 141
30 22 141
30 23 141
30 24 141
30 25 141
30 26 141
30 27 141
30 28 141
30 29 141
32 1 141
32 2 141
32 3 141
32 4 141
32 5 141
32 6 141
32 7 141
32 8 141
32 9 141
32 10 141
32 11 141
32 12 141
32 13 141
32 14 141
32 15 141
32 16 141
32 17 141
32 18 141
32 19 141
32 20 141
32 21 141
32 22 141
32 23 141
32 24 141
32 25 141
32 26 141
32 27 141
32 28 141
32 29 141
32 30 141
32 31 141
34 1 141
34 2 141
34 3 141
34 4 141
34 5 141
34 6 141
34 7 141
34 8 141
34 9 141
34 10 141
34 11 141
34 12 141
34 13 141
34 14 141
34 15 141
34 16 141
34 17 141
34 18 141
34 19 141
34 20 141
34 21 141
34 22 141
34 23 141
34 24 141
34 25 141
34 26 141
34 27 141
34 28 141
34 29 141
34 30 141
34 31 141
34 32 141
34 33 141
36 1 141
36 2 141
36 3 141
36 4 141
36 5 141
36 6 141
36 7 141
36 8 141
36 9 141
36 10 141
36 11 141
36 12 141
36 13 141
36 14 141
36 15 141
36 16 141
36 17 141
36 18 141
36 19 141
36 20 141
36 21 141
36 22 141
36 23 141
36 24 141
36 25 141
36 26 141
36 27 141
36 28 141
36 29 141
36 30 141
36 31 141
36 32 141
36 33 141
36 34 141
36 35 141
38 1 141
38 2 141
38 3 141
38 4 141
38 5 141
38 6 141
38 7 141
38 8 141
38 9 141
38 10 141
38 11 141
38 12 141
38 13 141
38 14 141
38 15 141
38 16 141
38 17 141
38 18 141
38 19 141
38 20 141
38 21 141
38 22 141
38 23 141
38 24 141
38 25 141
38 26 141
38 27 141
38 28 141
38 29 141
38 30 141
38 31 141
38 32 141
38 33 141
38 34 141
38 35 141
38 36 141
38 37 141
40 1 141
40 2 141
40 3 141
40 4 141
40 5 141
40 6 141
40 7 141
40 8 141
40 9 141
40 10 141
40 11 141
40 12 141
40 13 141
40 14 141
40 15 141
40 16 141
40 17 141
40 18 141
40 19 141
40 20 141
40 21 141
40 22 141
40 23 141
40 24 141
40 25 141
40 26 141
40 27 141
40 28 141
40 29 141
40 30 141
40 31 141
40 32 141
40 33 141
40 34 141
40 35 141
40 36 141
40 37 141
40 38 141
40 39 141
42 1 141
42 2 141
42 3 141
42 4 141
42 5 141
42 6 141
42 7 141
42 8 141
42 9 141
42 10 141
42 11 141
42 12 141
42 13 141
42 14 141
42 15 141
42 16 141
42 17 141
42 18 141
42 19 141
42 20 141
42 21 141
42 22 141
42 23 141
42 24 141
42 25 141
42 26 141
42 27 141
42 28 141
42 29 141
42 30 141
42 31 141
42 32 141
42 33 141
42 34 141
42 35 141
42 36 141
42 37 141
42 38 141
42 39 141
42 40 141
42 41 141
44 1 141
44 2 141
44 3 141
44 4 141
44 5 141
44 6 141
44 7 141
44 8 141
44 9 141
44 10 141
44 11 141
44 12 141
44 13 141
44 14 141
44 15 141
44 16 141
44 17 141
44 18 141
44 19 141
44 20 141
44 21 141
44 22 141
44 23 141
44 24 141
44 25 141
44 26 141
44 27 141
44 28 141
44 29 141
44 30 141
44 31 141
44 32 141
44 33 141
44 34 141
44 35 141
44 36 141
44 37 141
44 38 141
44 39 141
44 40 141
44 41 141
44 42 141
44 43 141
46 1 141
46 2 141
46 3 141
46 4 141
46 5 141
46 6 141
46 7 141
46 8 141
46 9 141
46 10 141
46 11 141
46 12 141
46 13 141
46 14 141
46 15 141
46 16 141
46 17 141
46 18 141
46 19 141
46 20 141
46 21 141
46 22 141
46 23 141
46 24 141
46 25 141
46 26 141
46 27 141
46 28 141
46 29 141
46 30 141
46 31 141
46 32 141
46 33 141
46 34 141
46 35 141
46 36 141
46 37 141
46 38 141
46 39 141
46 40 141
46 41 141
46 42 141
46 43 141
46 44 141
46 45 141
48 1 141
48 2 141
48 3 141
48 4 141
48 5 141
48 6 141
48 7 141
48 8 141
48 9 141
48 10 141
48 11 141
48 12 141
48 13 141
48 14 141
48 15 141
48 16 141
48 17 141
48 18 141
48 19 141
48 20 141
48 21 141
48 22 141
48 23 141
48 24 141
48 25 141
48 26 141
48 27 141
48 28 141
48 29 141
48 30 141
48 31 141
48 32 141
48 33 141
48 34 141
48 35 141
48 36 141
48 37 141
48 38 141
48 39 141
48 40 141
48 41 141
48 42 141
48 43 141
48 44 141
48 45 141
48 46 141
48 47 141
50 1 141
50 2 141
50 3 141
50 4 141
50 5 141
50 6 141
50 7 141
50 8 141
50 9 141
50 10 141
50 11 141
50 12 141
50 13 141
50 14 141
50 15 141
50 16 141
50 17 141
50 18 141
50 19 141
50 20 141
50 21 141
50 22 141
50 23 141
50 24 141
50 25 141
50 26 141
50 27 141
50 28 141
50 29 141
50 30 141
50 31 141
50 32 141
50 33 141
50 34 141
50 35 141
50 36 141
50 37 141
50 38 141
50 39 141
50 40 141
50 41 141
50 42 141
50 43 141
50 44 141
50 45 141
50 46 141
50 47 141
50 48 141
50 49 141
52 1 141
52 2 141
52 3 141
52 4 141
52 5 141
52 6 141
52 7 141
52 8 141
52 9 141
52 10 141
52 11 141
52 12 141
52 13 141
52 14 141
52 15 141
52 16 141
52 17 141
52 18 141
52 19 141
52 20 141
52 21 141
52 22 141
52 23 141
52 24 141
52 25 141
52 26 141
52 27 141
52 28 141
52 29 141
52 30 141
52 31 141
52 32 141
52 33 141
52 34 141
52 35 141
52 36 141
52 37 141
52 38 141
52 39 141
52 40 141
52 41 141
52 42 141
52 43 141
52 44 141
52 45 141
52 46 141
52 47 141
52 48 141
52 49 141
52 50 141
52 51 141
54 1 141
54 2 141
54 3 141
54 4 141
54 5 141
54 6 141
54 7 141
54 8 141
54 9 141
54 10 141
54 11 141
54 12 141
54 13 141
54 14 141
54 15 141
54 16 141
54 17 141
54 18 141
54 19 141
54 20 141
54 21 141
54 22 141
54 23 141
54 24 141
54 25 141
54 26 141
54 27 141
54 28 141
54 29 141
54 30 141
54 31 141
54 32 141
54 33 141
54 34 141
54 35 141
54 36 141
54 37 141
54 38 141
54 39 141
54 40 141
54 41 141
54 42 141
54 43 141
54 44 141
54 45 141
54 46 141
54 47 141
54 48 141
54 49 141
54 50 141
54 51 141
54 52 141
54 53 141
56 1 141
56 2 141
56 3 141
56 4 141
56 5 141
56 6 141
56 7 141
56 8 141
56 9 141
56 10 141
56 11 141
56 12 141
56 13 141
56 14 141
56 15 141
56 16 141
56 17 141
56 18 141
56 19 141
56 20 141
56 21 141
56 22 141
56 23 141
56 24 141
56 25 141
56 26 141
56 27 141
56 28 141
56 29 141
56 30 141
56 31 141
56 32 141
56 33 141
56 34 141
56 35 141
56 36 141
56 37 141
56 38 141
56 39 141
56 40 141
56 41 141
56 42 141
56 43 141
56 44 141
56 45 141
56 46 141
56 47 141
56 48 141
56 49 141
56 50 141
56 51 141
56 52 141
56 53 141
56 54 141
56 55 141
58 1 141
58 2 141
58 3 141
58 4 141
58 5 141
58 6 141
58 7 141
58 8 141
58 9 141
58 10 141
58 11 141
58 12 141
58 13 141
58 14 141
58 15 141
58 16 141
58 17 141
58 18 141
58 19 141
58 20 141
58 21 141
58 22 141
58 23 141
58 24 141
58 25 141
58 26 141
58 27 141
58 28 141
58 29 141
58 30 141
58 31 141
58 32 141
58 33 141
58 34 141
58 35 141
58 36 141
58 37 141
58 38 141
58 39 141
58 40 141
58 41 141
58 42 141
58 43 141
58 44 141
58 45 141
58 46 141
58 47 141
58 48 141
58 49 141
58 50 141
58 51 141
58 52 141
58 53 141
58 54 141
58 55 141
58 56 141
58 57 141
60 1 141
60 2 141
60 3 141
60 4 141
60 5 141
60 6 141
60 7 141
60 8 141
60 9 141
60 10 141
60 11 141
60 12 141
60 13 141
60 14 141
60 15 141
60 16 141
60 17 141
60 18 141
60 19 141
60 20 141
60 21 141
60 22 141
60 23 141
60 24 141
60 25 141
60 26 141
60 27 141
60 28 141
60 29 141
60 30 141
60 31 141
60 32 141
60 33 141
60 34 141
60 35 141
60 36 141
60 37 141
60 38 141
60 39 141
60 40 141
60 41 141
60 42 141
60 43 141
60 44 141
60 45 141
60 46 141
60 47 141
60 48 141
60 49 141
60 50 141
60 51 141
60 52 141
60 53 141
60 54 141
60 55 141
60 56 141
60 57 141
60 58 141
60 59 141
62 1 141
62 2 141
62 3 141
62 4 141
62 5 141
62 6 141
62 7 141
62 8 141
62 9 141
62 10 141
62 11 141
62 12 141
62 13 141
62 14 141
62 15 141
62 16 141
62 17 141
62 18 141
62 19 141
62 20 141
62 21 141
62 22 141
62 23 141
62 24 141
62 25 141
62 26 141
62 27 141
62 28 141
62 29 141
62 30 141
62 31 141
62 32 141
62 33 141
62 34 141
62 35 141
62 36 141
62 37 141
62 38 141
62 39 141
62 40 141
62 41 141
62 42 141
62 43 141
62 44 141
62 45 141
62 46 141
62 47 141
62 48 141
62 49 141
62 50 141
62 51 141
62 52 141
62 53 141
62 54 141
62 55 141
62 56 141
62 57 141
62 58 141
62 59 141
62 60 141
62 61 141
64 1 141
64 2 141
64 3 141
64 4 141
64 5 141
64 6 141
64 7 141
64 8 141
64 9 141
64 10 141
64 11 141
64 12 141
64 13 141
64 14 141
64 15 141
64 16 141
64 17 141
64 18 141
64 19 141
64 20 141
64 21 141
64 22 141
64 23 141
64 24 141
64 25 141
64 26 141
64 27 141
64 28 141
64 29 141
64 30 141
64 31 141
64 32 141
64 33 141
64 34 141
64 35 141
64 36 141
64 37 141
64 38 141
64 39 141
64 40 141
64 41 141
64 42 141
64 43 141
64 44 141
64 45 141
64 46 141
64 47 141
64 48 141
64 49 141
64 50 141
64 51 141
64 52 141
64 53 141
64 54 141
64 55 141
64 56 141
64 57 141
64 58 141
64 59 141
64 60 141
64 61 141
64 62 141
64 63 141
66 1 141
66 2 141
66 3 141
66 4 141
66 5 141
66 6 141
66 7 141
66 8 141
66 9 141
66 10 141
66 11 141
66 12 141
66 13 141
66 14 141
66 15 141
66 16 141
66 17 141
66 18 141
66 19 141
66 20 141
66 21 141
66 22 141
66 23 141
66 24 141
66 25 141
66 26 141
66 27 141
66 28 141
66 29 141
66 30 141
66 31 141
66 32 141
66 33 141
66 34 141
66 35 141
66 36 141
66 37 141
66 38 141
66 39 141
66 40 141
66 41 141
66 42 141
66 43 141
66 44 141
66 45 141
66 46 141
66 47 141
66 48 141
66 49 141
66 50 141
66 51 141
66 52 141
66 53 141
66 54 141
66 55 141
66 56 141
66 57 141
66 58 141
66 59 141
66 60 141
66 61 141
66 62 141
66 63 141
66 64 141
66 65 141
68 1 141
68 2 141
68 3 141
68 4 141
68 5 141
68 6 141
68 7 141
68 8 141
68 9 141
68 10 141
68 11 141
68 12 141
68 13 141
68 14 141
68 15 141
68 16 141
68 17 141
68 18 141
68 19 141
68 20 141
68 21 141
68 22 141
68 23 141
68 24 141
68 25 141
68 26 141
68 27 141
68 28 141
68 29 141
68 30 141
68 31 141
68 32 141
68 33 141
68 34 141
68 35 141
68 36 141
68 37 141
68 38 141
68 39 141
68 40 141
68 41 141
68 42 141
68 43 141
68 44 141
68 45 141
68 46 141
68 47 141
68 48 141
68 49 141
68 50 141
68 51 141
68 52 141
68 53 141
68 54 141
68 55 141
68 56 141
68 57 141
68 58 141
68 59 141
68 60 141
68 61 141
68 62 141
68 63 141
68 64 141
68 65 141
68 66 141
68 67 141
70 1 141
70 2 141
70 3 141
70 4 141
70 5 141
70 6 141
70 7 141
70 8 141
70 9 141
70 10 141
70 11 141
70 12 141
70 13 141
70 14 141
70 15 141
70 16 141
70 17 141
70 18 141
70 19 141
70 20 141
70 21 141
70 22 141
70 23 141
70 24 141
70 25 141
70 26 141
70 27 141
70 28 141
70 29 141
70 30 141
70 31 141
70 32 141
70 33 141
70 34 141
70 35 141
70 36 141
70 37 141
70 38 141
70 39 141
70 40 141
70 41 141
70 42 141
70 43 141
70 44 141
70 45 141
70 46 141
70 47 141
70 48 141
70 49 141
70 50 141
70 51 141
70 52 141
70 53 141
70 54 141
70 55 141
70 56 141
70 57 141
70 58 141
70 59 141
70 60 141
70 61 141
70 62 141
70 63 141
70 64 141
70 65 141
70 66 141
70 67 141
70 68 141
70 69 141
72 1 141
72 2 141
72 3 141
72 4 141
72 5 141
72 6 141
72 7 141
72 8 141
72 9 141
72 10 141
72 11 141
72 12 141
72 13 141
72 14 141
72 15 141
72 16 141
72 17 141
72 18 141
72 19 141
72 20 141
72 21 141
72 22 141
72 23 141
72 24 141
72 25 141
72 26 141
72 27 141
72 28 141
72 29 141
72 30 141
72 31 141
72 32 141
72 33 141
72 34 141
72 35 141
72 36 141
72 37 141
72 38 141
72 39 141
72 40 141
72 41 141
72 42 141
72 43 141
72 44 141
72 45 141
72 46 141
72 47 141
72 48 141
72 49 141
72 50 141
72 51 141
72 52 141
72 53 141
72 54 141
72 55 141
72 56 141
72 57 141
72 58 141
72 59 141
72 60 141
72 61 141
72 62 141
72 63 141
72 64 141
72 65 141
72 66 141
72 67 141
72 68 141
72 69 141
72 70 141
72 71 141
74 1 141
74 2 141
74 3 141
74 4 141
74 5 141
74 6 141
74 7 141
74 8 141
74 9 141
74 10 141
74 11 141
74 12 141
74 13 141
74 14 141
74 15 141
74 16 141
74 17 141
74 18 141
74 19 141
74 20 141
74 21 141
74 22 141
74 23 141
74 24 141
74 25 141
74 26 141
74 27 141
74 28 141
74 29 141
74 30 141
74 31 141
74 32 141
74 33 141
74 34 141
74 35 141
74 36 141
74 37 141
74 38 141
74 39 141
74 40 141
74 41 141
74 42 141
74 43 141
74 44 141
74 45 141
74 46 141
74 47 141
74 48 141
74 49 141
74 50 141
74 51 141
74 52 141
74 53 141
74 54 141
74 55 141
74 56 141
74 57 141
74 58 141
74 59 141
74 60 141
74 61 141
74 62 141
74 63 141
74 64 141
74 65 141
74 66 141
74 67 141
74 68 141
74 69 141
74 70 141
74 71 141
74 72 141
74 73 141
76 1 141
76 2 141
76 3 141
76 4 141
76 5 141
76 6 141
76 7 141
76 8 141
76 9 141
76 10 141
76 11 141
76 12 141
76 13 141
76 14 141
76 15 141
76 16 141
76 17 141
76 18 141
76 19 141
76 20 141
76 21 141
76 22 141
76 23 141
76 24 141
76 25 141
76 26 141
76 27 141
76 28 141
76 29 141
76 30 141
76 31 141
76 32 141
76 33 141
76 34 141
76 35 141
76 36 141
76 37 141
76 38 141
76 39 141
76 40 141
76 41 141
76 42 141
76 43 141
76 44 141
76 45 141
76 46 141
76 47 141
76 48 141
76 49 141
76 50 141
76 51 141
76 52 141
76 53 141
76 54 141
76 55 141
76 56 141
76 57 141
76 58 141
76 59 141
76 60 141
76 61 141
76 62 141
76 63 141
76 64 141
76 65 141
76 66 141
76 67 141
76 68 141
76 69 141
76 70 141
76 71 141
76 72 141
76 73 141
76 74 141
76 75 141
78 1 141
78 2 141
78 3 141
78 4 141
78 5 141
78 6 141
78 7 141
78 8 141
78 9 141
78 10 141
78 11 141
78 12 141
78 13 141
78 14 141
78 15 141
78 16 141
78 17 141
78 18 141
78 19 141
78 20 141
78 21 141
78 22 141
78 23 141
78 24 141
78 25 141
78 26 141
78 27 141
78 28 141
78 29 141
78 30 141
78 31 141
78 32 141
78 33 141
78 34 141
78 35 141
78 36 141
78 37 141
78 38 141
78 39 141
78 40 141
78 41 141
78 42 141
78 43 141
78 44 141
78 45 141
78 46 141
78 47 141
78 48 141
78 49 141
78 50 141
78 51 141
78 52 141
78 53 141
78 54 141
78 55 141
78 56 141
78 57 141
78 58 141
78 59 141
78 60 141
78 61 141
78 62 141
78 63 141
78 64 141
78 65 141
78 66 141
78 67 141
78 68 141
78 69 141
78 70 141
78 71 141
78 72 141
78 73 141
78 74 141
78 75 141
78 76 141
78 77 141
80 1 141
80 2 141
80 3 141
80 4 141
80 5 141
80 6 141
80 7 141
80 8 141
80 9 141
80 10 141
80 11 141
80 12 141
80 13 141
80 14 141
80 15 141
80 16 141
80 17 141
80 18 141
80 19 141
80 20 141
80 21 141
80 22 141
80 23 141
80 24 141
80 25 141
80 26 141
80 27 141
80 28 141
80 29 141
80 30 141
80 31 141
80 32 141
80 33 141
80 34 141
80 35 141
80 36 141
80 37 141
80 38 141
80 39 141
80 40 141
80 41 141
80 42 141
80 43 141
80 44 141
80 45 141
80 46 141
80 47 141
80 48 141
80 49 141
80 50 141
80 51 141
80 52 141
80 53 141
80 54 141
80 55 141
80 56 141
80 57 141
80 58 141
80 59 141
80 60 141
80 61 141
80 62 141
80 63 141
80 64 141
80 65 141
80 66 141
80 67 141
80 68 141
80 69 141
80 70 141
80 71 141
80 72 141
80 73 141
80 74 141
80 75 141
80 76 141
80 77 141
80 78 141
80 79 141
82 1 141
82 2 141
82 3 141
82 4 141
82 5 141
82 6 141
82 7 141
82 8 141
82 9 141
82 10 141
82 11 141
82 12 141
82 13 141
82 14 141
82 15 141
82 16 141
82 17 141
82 18 141
82 19 141
82 20 141
82 21 141
82 22 141
82 23 141
82 24 141
82 25 141
82 26 141
82 27 141
82 28 141
82 29 141
82 30 141
82 31 141
82 32 141
82 33 141
82 34 141
82 35 141
82 36 141
82 37 141
82 38 141
82 39 141
82 40 141
82 41 141
82 42 141
82 43 141
82 44 141
82 45 141
82 46 141
82 47 141
82 48 141
82 49 141
82 50 141
82 51 141
82 52 141
82 53 141
82 54 141
82 55 141
82 56 141
82 57 141
82 58 141
82 59 141
82 60 141
82 61 141
82 62 141
82 63 141
82 64 141
82 65 141
82 66 141
82 67 141
82 68 141
82 69 141
82 70 141
82 71 141
82 72 141
82 73 141
82 74 141
82 75 141
82 76 141
82 77 141
82 78 141
82 79 141
82 80 141
82 81 141
84 1 141
84 2 141
84 3 141
84 4 141
84 5 141
84 6 141
84 7 141
84 8 141
84 9 141
84 10 141
84 11 141
84 12 141
84 13 141
84 14 141
84 15 141
84 16 141
84 17 141
84 18 141
84 19 141
84 20 141
84 21 141
84 22 141
84 23 141
84 24 141
84 25 141
84 26 141
84 27 141
84 28 141
84 29 141
84 30 141
84 31 141
84 32 141
84 33 141
84 34 141
84 35 141
84 36 141
84 37 141
84 38 141
84 39 141
84 40 141
84 41 141
84 42 141
84 43 141
84 44 141
84 45 141
84 46 141
84 47 141
84 48 141
84 49 141
84 50 141
84 51 141
84 52 141
84 53 141
84 54 141
84 55 141
84 56 141
84 57 141
84 58 141
84 59 141
84 60 141
84 61 141
84 62 141
84 63 141
84 64 141
84 65 141
84 66 141
84 67 141
84 68 141
84 69 141
84 70 141
84 71 141
84 72 141
84 73 141
84 74 141
84 75 141
84 76 141
84 77 141
84 78 141
84 79 141
84 80 141
84 81 141
84 82 141
84 83 141
86 1 141
86 2 141
86 3 141
86 4 141
86 5 141
86 6 141
86 7 141
86 8 141
86 9 141
86 10 141
86 11 141
86 12 141
86 13 141
86 14 141
86 15 141
86 16 141
86 17 141
86 18 141
86 19 141
86 20 141
86 21 141
86 22 141
86 23 141
86 24 141
86 25 141
86 26 141
86 27 141
86 28 141
86 29 141
86 30 141
86 31 141
86 32 141
86 33 141
86 34 141
86 35 141
86 36 141
86 37 141
86 38 141
86 39 141
86 40 141
86 41 141
86 42 141
86 43 141
86 44 141
86 45 141
86 46 141
86 47 141
86 48 141
86 49 141
86 50 141
86 51 141
86 52 141
86 53 141
86 54 141
86 55 141
86 56 141
86 57 141
86 58 141
86 59 141
86 60 141
86 61 141
86 62 141
86 63 141
86 64 141
86 65 141
86 66 141
86 67 141
86 68 141
86 69 141
86 70 141
86 71 141
86 72 141
86 73 141
86 74 141
86 75 141
86 76 141
86 77 141
86 78 141
86 79 141
86 80 141
86 81 141
86 82 141
86 83 141
86 84 141
86 85 141
88 1 141
88 2 141
88 3 141
88 4 141
88 5 141
88 6 141
88 7 141
88 8 141
88 9 141
88 10 141
88 11 141
88 12 141
88 13 141
88 14 141
88 15 141
88 16 141
88 17 141
88 18 141
88 19 141
88 20 141
88 21 141
88 22 141
88 23 141
88 24 141
88 25 141
88 26 141
88 27 141
88 28 141
88 29 141
88 30 141
88 31 141
88 32 141
88 33 141
88 34 141
88 35 141
88 36 141
88 37 141
88 38 141
88 39 141
88 40 141
88 41 141
88 42 141
88 43 141
88 44 141
88 45 141
88 46 141
88 47 141
88 48 141
88 49 141
88 50 141
88 51 141
88 52 141
88 53 141
88 54 141
88 55 141
88 56 141
88 57 141
88 58 141
88 59 141
88 60 141
88 61 141
88 62 141
88 63 141
88 64 141
88 65 141
88 66 141
88 67 141
88 68 141
88 69 141
88 70 141
88 71 141
88 72 141
88 73 141
88 74 141
88 75 141
88 76 141
88 77 141
88 78 141
88 79 141
88 80 141
88 81 141
88 82 141
88 83 141
88 84 141
88 85 141
88 86 141
88 87 141
90 1 141
90 2 141
90 3 141
90 4 141
90 5 141
90 6 141
90 7 141
90 8 141
90 9 141
90 10 141
90 11 141
90 12 141
90 13 141
90 14 141
90 15 141
90 16 141
90 17 141
90 18 141
90 19 141
90 20 141
90 21 141
90 22 141
90 23 141
90 24 141
90 25 141
90 26 141
90 27 141
90 28 141
90 29 141
90 30 141
90 31 141
90 32 141
90 33 141
90 34 141
90 35 141
90 36 141
90 37 141
90 38 141
90 39 141
90 40 141
90 41 141
90 42 141
90 43 141
90 44 141
90 45 141
90 46 141
90 47 141
90 48 141
90 49 141
90 50 141
90 51 141
90 52 141
90 53 141
90 54 141
90 55 141
90 56 141
90 57 141
90 58 141
90 59 141
90 60 141
90 61 141
90 62 141
90 63 141
90 64 141
90 65 141
90 66 141
90 67 141
90 68 141
90 69 141
90 70 141
90 71 141
90 72 141
90 73 141
90 74 141
90 75 141
90 76 141
90 77 141
90 78 141
90 79 141
90 80 141
90 81 141
90 82 141
90 83 141
90 84 141
90 85 141
90 86 141
90 87 141
90 88 141
90 89 141
92 1 141
92 2 141
92 3 141
92 4 141
92 5 141
92 6 141
92 7 141
92 8 141
92 9 141
92 10 141
92 11 141
92 12 141
92 13 141
92 14 141
92 15 141
92 16 141
92 17 141
92 18 141
92 19 141
92 20 141
92 21 141
92 22 141
92 23 141
92 24 141
92 25 141
92 26 141
92 27 141
92 28 141
92 29 141
92 30 141
92 31 141
92 32 141
92 33 141
92 34 141
92 35 141
92 36 141
92 37 141
92 38 141
92 39 141
92 40 141
92 41 141
92 42 141
92 43 141
92 44 141
92 45 141
92 46 141
92 47 141
92 48 141
92 49 141
92 50 141
92 51 141
92 52 141
92 53 141
92 54 141
92 55 141
92 56 141
92 57 141
92 58 141
92 59 141
92 60 141
92 61 141
92 62 141
92 63 141
92 64 141
92 65 141
92 66 141
92 67 141
92 68 141
92 69 141
92 70 141
92 71 141
92 72 141
92 73 141
92 74 141
92 75 141
92 76 141
92 77 141
92 78 141
92 79 141
92 80 141
92 81 141
92 82 141
92 83 141
92 84 141
92 85 141
92 86 141
92 87 141
92 88 141
92 89 141
92 90 141
92 91 141
94 1 141
94 2 141
94 3 141
94 4 141
94 5 141
94 6 141
94 7 141
94 8 141
94 9 141
94 10 141
94 11 141
94 12 141
94 13 141
94 14 141
94 15 141
94 16 141
94 17 141
94 18 141
94 19 141
94 20 141
94 21 141
94 22 141
94 23 141
94 24 141
94 25 141
94 26 141
94 27 141
94 28 141
94 29 141
94 30 141
94 31 141
94 32 141
94 33 141
94 34 141
94 35 141
94 36 141
94 37 141
94 38 141
94 39 141
94 40 141
94 41 141
94 42 141
94 43 141
94 44 141
94 45 141
94 46 141
94 47 141
94 48 141
94 49 141
94 50 141
94 51 141
94 52 141
94 53 141
94 54 141
94 55 141
94 56 141
94 57 141
94 58 141
94 59 141
94 60 141
94 61 141
94 62 141
94 63 141
94 64 141
94 65 141
94 66 141
94 67 141
94 68 141
94 69 141
94 70 141
94 71 141
94 72 141
94 73 141
94 74 141
94 75 141
94 76 141
94 77 141
94 78 141
94 79 141
94 80 141
94 81 141
94 82 141
94 83 141
94 84 141
94 85 141
94 86 141
94 87 141
94 88 141
94 89 141
94 90 141
94 91 141
94 92 141
94 93 141
96 1 141
96 2 141
96 3 141
96 4 141
96 5 141
96 6 141
96 7 141
96 8 141
96 9 141
96 10 141
96 11 141
96 12 141
96 13 141
96 14 141
96 15 141
96 16 141
96 17 141
96 18 141
96 19 141
96 20 141
96 21 141
96 22 141
96 23 141
96 24 141
96 25 141
96 26 141
96 27 141
96 28 141
96 29 141
96 30 141
96 31 141
96 32 141
96 33 141
96 34 141
96 35 141
96 36 141
96 37 141
96 38 141
96 39 141
96 40 141
96 41 141
96 42 141
96 43 141
96 44 141
96 45 141
96 46 141
96 47 141
96 48 141
96 49 141
96 50 141
96 51 141
96 52 141
96 53 141
96 54 141
96 55 141
96 56 141
96 57 141
96 58 141
96 59 141
96 60 141
96 61 141
96 62 141
96 63 141
96 64 141
96 65 141
96 66 141
96 67 141
96 68 141
96 69 141
96 70 141
96 71 141
96 72 141
96 73 141
96 74 141
96 75 141
96 76 141
96 77 141
96 78 141
96 79 141
96 80 141
96 81 141
96 82 141
96 83 141
96 84 141
96 85 141
96 86 141
96 87 141
96 88 141
96 89 141
96 90 141
96 91 141
96 92 141
96 93 141
96 94 141
96 95 141
98 1 141
98 2 141
98 3 141
98 4 141
98 5 141
98 6 141
98 7 141
98 8 141
98 9 141
98 10 141
98 11 141
98 12 141
98 13 141
98 14 141
98 15 141
98 16 141
98 17 141
98 18 141
98 19 141
98 20 141
98 21 141
98 22 141
98 23 141
98 24 141
98 25 141
98 26 141
98 27 141
98 28 141
98 29 141
98 30 141
98 31 141
98 32 141
98 33 141
98 34 141
98 35 141
98 36 141
98 37 141
98 38 141
98 39 141
98 40 141
98 41 141
98 42 141
98 43 141
98 44 141
98 45 141
98 46 141
98 47 141
98 48 141
98 49 141
98 50 141
98 51 141
98 52 141
98 53 141
98 54 141
98 55 141
98 56 141
98 57 141
98 58 141
98 59 141
98 60 141
98 61 141
98 62 141
98 63 141
98 64 141
98 65 141
98 66 141
98 67 141
98 68 141
98 69 141
98 70 141
98 71 141
98 72 141
98 73 141
98 74 141
98 75 141
98 76 141
98 77 141
98 78 141
98 79 141
98 80 141
98 81 141
98 82 141
98 83 141
98 84 141
98 85 141
98 86 141
98 87 141
98 88 141
98 89 141
98 90 141
98 91 141
98 92 141
98 93 141
98 94 141
98 95 141
98 96 141
98 97 141
100 1 141
100 2 141
100 3 141
100 4 141
100 5 141
100 6 141
100 7 141
100 8 141
100 9 141
100 10 141
100 11 141
100 12 141
100 13 141
100 14 141
100 15 141
100 16 141
100 17 141
100 18 141
100 19 141
100 20 141
100 21 141
100 22 141
100 23 141
100 24 141
100 25 141
100 26 141
100 27 141
100 28 141
100 29 141
100 30 141
100 31 141
100 32 141
100 33 141
100 34 141
100 35 141
100 36 141
100 37 141
100 38 141
100 39 141
100 40 141
100 41 141
100 42 141
100 43 141
100 44 141
100 45 141
100 46 141
100 47 141
100 48 141
100 49 141
100 50 141
100 51 141
100 52 141
100 53 141
100 54 141
100 55 141
100 56 141
100 57 141
100 58 141
100 59 141
100 60 141
100 61 141
100 62 141
100 63 141
100 64 141
100 65 141
100 66 141
100 67 141
100 68 141
100 69 141
100 70 141
100 71 141
100 72 141
100 73 141
100 74 141
100 75 141
100 76 141
100 77 141
100 78 141
100 79 141
100 80 141
100 81 141
100 82 141
100 83 141
100 84 141
100 85 141
100 86 141
100 87 141
100 88 141
100 89 141
100 90 141
100 91 141
100 92 141
100 93 141
100 94 141
100 95 141
100 96 141
100 97 141
100 98 141
100 99 141
102 1 141
102 2 141
102 3 141
102 4 141
102 5 141
102 6 141
102 7 141
102 8 141
102 9 141
102 10 141
102 11 141
102 12 141
102 13 141
102 14 141
102 15 141
102 16 141
102 17 141
102 18 141
102 19 141
102 20 141
102 21 141
102 22 141
102 23 141
102 24 141
102 25 141
102 26 141
102 27 141
102 28 141
102 29 141
102 30 141
102 31 141
102 32 141
102 33 141
102 34 141
102 35 141
102 36 141
102 37 141
102 38 141
102 39 141
102 40 141
102 41 141
102 42 141
102 43 141
102 44 141
102 45 141
102 46 141
102 47 141
102 48 141
102 49 141
102 50 141
102 51 141
102 52 141
102 53 141
102 54 141
102 55 141
102 56 141
102 57 141
102 58 141
102 59 141
102 60 141
102 61 141
102 62 141
102 63 141
102 64 141
102 65 141
102 66 141
102 67 141
102 68 141
102 69 141
102 70 141
102 71 141
102 72 141
102 73 141
102 74 141
102 75 141
102 76 141
102 77 141
102 78 141
102 79 141
102 80 141
102 81 141
102 82 141
102 83 141
102 84 141
102 85 141
102 86 141
102 87 141
102 88 141
102 89 141
102 90 141
102 91 141
102 92 141
102 93 141
102 94 141
102 95 141
102 96 141
102 97 141
102 98 141
102 99 141
102 100 141
102 101 141
104 1 141
104 2 141
104 3 141
104 4 141
104 5 141
104 6 141
104 7 141
104 8 141
104 9 141
104 10 141
104 11 141
104 12 141
104 13 141
104 14 141
104 15 141
104 16 141
104 17 141
104 18 141
104 19 141
104 20 141
104 21 141
104 22 141
104 23 141
104 24 141
104 25 141
104 26 141
104 27 141
104 28 141
104 29 141
104 30 141
104 31 141
104 32 141
104 33 141
104 34 141
104 35 141
104 36 141
104 37 141
104 38 141
104 39 141
104 40 141
104 41 141
104 42 141
104 43 141
104 44 141
104 45 141
104 46 141
104 47 141
104 48 141
104 49 141
104 50 141
104 51 141
104 52 141
104 53 141
104 54 141
104 55 141
104 56 141
104 57 141
104 58 141
104 59 141
104 60 141
104 61 141
104 62 141
104 63 141
104 64 141
104 65 141
104 66 141
104 67 141
104 68 141
104 69 141
104 70 141
104 71 141
104 72 141
104 73 141
104 74 141
104 75 141
104 76 141
104 77 141
104 78 141
104 79 141
104 80 141
104 81 141
104 82 141
104 83 141
104 84 141
104 85 141
104 86 141
104 87 141
104 88 141
104 89 141
104 90 141
104 91 141
104 92 141
104 93 141
104 94 141
104 95 141
104 96 141
104 97 141
104 98 141
104 99 141
104 100 141
104 101 141
104 102 141
104 103 141
106 1 141
106 2 141
106 3 141
106 4 141
106 5 141
106 6 141
106 7 141
106 8 141
106 9 141
106 10 141
106 11 141
106 12 141
106 13 141
106 14 141
106 15 141
106 16 141
106 17 141
106 18 141
106 19 141
106 20 141
106 21 141
106 22 141
106 23 141
106 24 141
106 25 141
106 26 141
106 27 141
106 28 141
106 29 141
106 30 141
106 31 141
106 32 141
106 33 141
106 34 141
106 35 141
106 36 141
106 37 141
106 38 141
106 39 141
106 40 141
106 41 141
106 42 141
106 43 141
106 44 141
106 45 141
106 46 141
106 47 141
106 48 141
106 49 141
106 50 141
106 51 141
106 52 141
106 53 141
106 54 141
106 55 141
106 56 141
106 57 141
106 58 141
106 59 141
106 60 141
106 61 141
106 62 141
106 63 141
106 64 141
106 65 141
106 66 141
106 67 141
106 68 141
106 69 141
106 70 141
106 71 141
106 72 141
106 73 141
106 74 141
106 75 141
106 76 141
106 77 141
106 78 141
106 79 141
106 80 141
106 81 141
106 82 141
106 83 141
106 84 141
106 85 141
106 86 141
106 87 141
106 88 141
106 89 141
106 90 141
106 91 141
106 92 141
106 93 141
106 94 141
106 95 141
106 96 141
106 97 141
106 98 141
106 99 141
106 100 141
106 101 141
106 102 141
106 103 141
106 104 141
106 105 141
108 1 141
108 2 141
108 3 141
108 4 141
108 5 141
108 6 141
108 7 141
108 8 141
108 9 141
108 10 141
108 11 141
108 12 141
108 13 141
108 14 141
108 15 141
108 16 141
108 17 141
108 18 141
108 19 141
108 20 141
108 21 141
108 22 141
108 23 141
108 24 141
108 25 141
108 26 141
108 27 141
108 28 141
108 29 141
108 30 141
108 31 141
108 32 141
108 33 141
108 34 141
108 35 141
108 36 141
108 37 141
108 38 141
108 39 141
108 40 141
108 41 141
108 42 141
108 43 141
108 44 141
108 45 141
108 46 141
108 47 141
108 48 141
108 49 141
108 50 141
108 51 141
108 52 141
108 53 141
108 54 141
108 55 141
108 56 141
108 57 141
108 58 141
108 59 141
108 60 141
108 61 141
108 62 141
108 63 141
108 64 141
108 65 141
108 66 141
108 67 141
108 68 141
108 69 141
108 70 141
108 71 141
108 72 141
108 73 141
108 74 141
108 75 141
108 76 141
108 77 141
108 78 141
108 79 141
108 80 141
108 81 141
108 82 141
108 83 141
108 84 141
108 85 141
108 86 141
108 87 141
108 88 141
108 89 141
108 90 141
108 91 141
108 92 141
108 93 141
108 94 141
108 95 141
108 96 141
108 97 141
108 98 141
108 99 141
108 100 141
108 101 141
108 102 141
108 103 141
108 104 141
108 105 141
108 106 141
108 107 141
110 1 141
110 2 141
110 3 141
110 4 141
110 5 141
110 6 141
110 7 141
110 8 141
110 9 141
110 10 141
110 11 141
110 12 141
110 13 141
110 14 141
110 15 141
110 16 141
110 17 141
110 18 141
110 19 141
110 20 141
110 21 141
110 22 141
110 23 141
110 24 141
110 25 141
110 26 141
110 27 141
110 28 141
110 29 141
110 30 141
110 31 141
110 32 141
110 33 141
110 34 141
110 35 141
110 36 141
110 37 141
110 38 141
110 39 141
110 40 141
110 41 141
110 42 141
110 43 141
110 44 141
110 45 141
110 46 141
110 47 141
110 48 141
110 49 141
110 50 141
110 51 141
110 52 141
110 53 141
110 54 141
110 55 141
110 56 141
110 57 141
110 58 141
110 59 141
110 60 141
110 61 141
110 62 141
110 63 141
110 64 141
110 65 141
110 66 141
110 67 141
110 68 141
110 69 141
110 70 141
110 71 141
110 72 141
110 73 141
110 74 141
110 75 141
110 76 141
110 77 141
110 78 141
110 79 141
110 80 141
110 81 141
110 82 141
110 83 141
110 84 141
110 85 141
110 86 141
110 87 141
110 88 141
110 89 141
110 90 141
110 91 141
110 92 141
110 93 141
110 94 141
110 95 141
110 96 141
110 97 141
110 98 141
110 99 141
110 100 141
110 101 141
110 102 141
110 103 141
110 104 141
110 105 141
110 106 141
110 107 141
110 108 141
110 109 141
112 1 141
112 2 141
112 3 141
112 4 141
112 5 141
112 6 141
112 7 141
112 8 141
112 9 141
112 10 141
112 11 141
112 12 141
112 13 141
112 14 141
112 15 141
112 16 141
112 17 141
112 18 141
112 19 141
112 20 141
112 21 141
112 22 141
112 23 141
112 24 141
112 25 141
112 26 141
112 27 141
112 28 141
112 29 141
112 30 141
112 31 141
112 32 141
112 33 141
112 34 141
112 35 141
112 36 141
112 37 141
112 38 141
112 39 141
112 40 141
112 41 141
112 42 141
112 43 141
112 44 141
112 45 141
112 46 141
112 47 141
112 48 141
112 49 141
112 50 141
112 51 141
112 52 141
112 53 141
112 54 141
112 55 141
112 56 141
112 57 141
112 58 141
112 59 141
112 60 141
112 61 141
112 62 141
112 63 141
112 64 141
112 65 141
112 66 141
112 67 141
112 68 141
112 69 141
112 70 141
112 71 141
112 72 141
112 73 141
112 74 141
112 75 141
112 76 141
112 77 141
112 78 141
112 79 141
112 80 141
112 81 141
112 82 141
112 83 141
112 84 141
112 85 141
112 86 141
112 87 141
112 88 141
112 89 141
112 90 141
112 91 141
112 92 141
112 93 141
112 94 141
112 95 141
112 96 141
112 97 141
112 98 141
112 99 141
112 100 141
112 101 141
112 102 141
112 103 141
112 104 141
112 105 141
112 106 141
112 107 141
112 108 141
112 109 141
112 110 141
112 111 141
114 1 141
114 2 141
114 3 141
114 4 141
114 5 141
114 6 141
114 7 141
114 8 141
114 9 141
114 10 141
114 11 141
114 12 141
114 13 141
114 14 141
114 15 141
114 16 141
114 17 141
114 18 141
114 19 141
114 20 141
114 21 141
114 22 141
114 23 141
114 24 141
114 25 141
114 26 141
114 27 141
114 28 141
114 29 141
114 30 141
114 31 141
114 32 141
114 33 141
114 34 141
114 35 141
114 36 141
114 37 141
114 38 141
114 39 141
114 40 141
114 41 141
114 42 141
114 43 141
114 44 141
114 45 141
114 46 141
114 47 141
114 48 141
114 49 141
114 50 141
114 51 141
114 52 141
114 53 141
114 54 141
114 55 141
114 56 141
114 57 141
114 58 141
114 59 141
114 60 141
114 61 141
114 62 141
114 63 141
114 64 141
114 65 141
114 66 141
114 67 141
114 68 141
114 69 141
114 70 141
114 71 141
114 72 141
114 73 141
114 74 141
114 75 141
114 76 141
114 77 141
114 78 141
114 79 141
114 80 141
114 81 141
114 82 141
114 83 141
114 84 141
114 85 141
114 86 141
114 87 141
114 88 141
114 89 141
114 90 141
114 91 141
114 92 141
114 93 141
114 94 141
114 95 141
114 96 141
114 97 141
114 98 141
114 99 141
114 100 141
114 101 141
114 102 141
114 103 141
114 104 141
114 105 141
114 106 141
114 107 141
114 108 141
114 109 141
114 110 141
114 111 141
114 112 141
114 113 141
116 1 141
116 2 141
116 3 141
116 4 141
116 5 141
116 6 141
116 7 141
116 8 141
116 9 141
116 10 141
116 11 141
116 12 141
116 13 141
116 14 141
116 15 141
116 16 141
116 17 141
116 18 141
116 19 141
116 20 141
116 21 141
116 22 141
116 23 141
116 24 141
116 25 141
116 26 141
116 27 141
116 28 141
116 29 141
116 30 141
116 31 141
116 32 141
116 33 141
116 34 141
116 35 141
116 36 141
116 37 141
116 38 141
116 39 141
116 40 141
116 41 141
116 42 141
116 43 141
116 44 141
116 45 141
116 46 141
116 47 141
116 48 141
116 49 141
116 50 141
116 51 141
116 52 141
116 53 141
116 54 141
116 55 141
116 56 141
116 57 141
116 58 141
116 59 141
116 60 141
116 61 141
116 62 141
116 63 141
116 64 141
116 65 141
116 66 141
116 67 141
116 68 141
116 69 141
116 70 141
116 71 141
116 72 141
116 73 141
116 74 141
116 75 141
116 76 141
116 77 141
116 78 141
116 79 141
116 80 141
116 81 141
116 82 141
116 83 141
116 84 141
116 85 141
116 86 141
116 87 141
116 88 141
116 89 141
116 90 141
116 91 141
116 92 141
116 93 141
116 94 141
116 95 141
116 96 141
116 97 141
116 98 141
116 99 141
116 100 141
116 101 141
116 102 141
116 103 141
116 104 141
116 105 141
116 106 141
116 107 141
116 108 141
116 109 141
116 110 141
116 111 141
116 112 141
116 113 141
116 114 141
116 115 141
118 1 141
118 2 141
118 3 141
118 4 141
118 5 141
118 6 141
118 7 141
118 8 141
118 9 141
118 10 141
118 11 141
118 12 141
118 13 141
118 14 141
118 15 141
118 16 141
118 17 141
118 18 141
118 19 141
118 20 141
118 21 141
118 22 141
118 23 141
118 24 141
118 25 141
118 26 141
118 27 141
118 28 141
118 29 141
118 30 141
118 31 141
118 32 141
118 33 141
118 34 141
118 35 141
118 36 141
118 37 141
118 38 141
118 39 141
118 40 141
118 41 141
118 42 141
118 43 141
118 44 141
118 45 141
118 46 141
118 47 141
118 48 141
118 49 141
118 50 141
118 51 141
118 52 141
118 53 141
118 54 141
118 55 141
118 56 141
118 57 141
118 58 141
118 59 141
118 60 141
118 61 141
118 62 141
118 63 141
118 64 141
118 65 141
118 66 141
118 67 141
118 68 141
118 69 141
118 70 141
118 71 141
118 72 141
118 73 141
118 74 141
118 75 141
118 76 141
118 77 141
118 78 141
118 79 141
118 80 141
118 81 141
118 82 141
118 83 141
118 84 141
118 85 141
118 86 141
118 87 141
118 88 141
118 89 141
118 90 141
118 91 141
118 92 141
118 93 141
118 94 141
118 95 141
118 96 141
118 97 141
118 98 141
118 99 141
118 100 141
118 101 141
118 102 141
118 103 141
118 104 141
118 105 141
118 106 141
118 107 141
118 108 141
118 109 141
118 110 141
118 111 141
118 112 141
118 113 141
118 114 141
118 115 141
118 116 141
118 117 141
120 1 141
120 2 141
120 3 141
120 4 141
120 5 141
120 6 141
120 7 141
120 8 141
120 9 141
120 10 141
120 11 141
120 12 141
120 13 141
120 14 141
120 15 141
120 16 141
120 17 141
120 18 141
120 19 141
120 20 141
120 21 141
120 22 141
120 23 141
120 24 141
120 25 141
120 26 141
120 27 141
120 28 141
120 29 141
120 30 141
120 31 141
120 32 141
120 33 141
120 34 141
120 35 141
120 36 141
120 37 141
120 38 141
120 39 141
120 40 141
120 41 141
120 42 141
120 43 141
120 44 141
120 45 141
120 46 141
120 47 141
120 48 141
120 49 141
120 50 141
120 51 141
120 52 141
120 53 141
120 54 141
120 55 141
120 56 141
120 57 141
120 58 141
120 59 141
120 60 141
120 61 141
120 62 141
120 63 141
120 64 141
120 65 141
120 66 141
120 67 141
120 68 141
120 69 141
120 70 141
120 71 141
120 72 141
120 73 141
120 74 141
120 75 141
120 76 141
120 77 141
120 78 141
120 79 141
120 80 141
120 81 141
120 82 141
120 83 141
120 84 141
120 85 141
120 86 141
120 87 141
120 88 141
120 89 141
120 90 141
120 91 141
120 92 141
120 93 141
120 94 141
120 95 141
120 96 141
120 97 141
120 98 141
120 99 141
120 100 141
120 101 141
120 102 141
120 103 141
120 104 141
120 105 141
120 106 141
120 107 141
120 108 141
120 109 141
120 110 141
120 111 141
120 112 141
120 113 141
120 114 141
120 115 141
120 116 141
120 117 141
120 118 141
120 119 141
122 1 141
122 2 141
122 3 141
122 4 141
122 5 141
122 6 141
122 7 141
122 8 141
122 9 141
122 10 141
122 11 141
122 12 141
122 13 141
122 14 141
122 15 141
122 16 141
122 17 141
122 18 141
122 19 141
122 20 141
122 21 141
122 22 141
122 23 141
122 24 141
122 25 141
122 26 141
122 27 141
122 28 141
122 29 141
122 30 141
122 31 141
122 32 141
122 33 141
122 34 141
122 35 141
122 36 141
122 37 141
122 38 141
122 39 141
122 40 141
122 41 141
122 42 141
122 43 141
122 44 141
122 45 141
122 46 141
122 47 141
122 48 141
122 49 141
122 50 141
122 51 141
122 52 141
122 53 141
122 54 141
122 55 141
122 56 141
122 57 141
122 58 141
122 59 141
122 60 141
122 61 141
122 62 141
122 63 141
122 64 141
122 65 141
122 66 141
122 67 141
122 68 141
122 69 141
122 70 141
122 71 141
122 72 141
122 73 141
122 74 141
122 75 141
122 76 141
122 77 141
122 78 141
122 79 141
122 80 141
122 81 141
122 82 141
122 83 141
122 84 141
122 85 141
122 86 141
122 87 141
122 88 141
122 89 141
122 90 141
122 91 141
122 92 141
122 93 141
122 94 141
122 95 141
122 96 141
122 97 141
122 98 141
122 99 141
122 100 141
122 101 141
122 102 141
122 103 141
122 104 141
122 105 141
122 106 141
122 107 141
122 108 141
122 109 141
122 110 141
122 111 141
122 112 141
122 113 141
122 114 141
122 115 141
122 116 141
122 117 141
122 118 141
122 119 141
122 120 141
122 121 141
124 1 141
124 2 141
124 3 141
124 4 141
124 5 141
124 6 141
124 7 141
124 8 141
124 9 141
124 10 141
124 11 141
124 12 141
124 13 141
124 14 141
124 15 141
124 16 141
124 17 141
124 18 141
124 19 141
124 20 141
124 21 141
124 22 141
124 23 141
124 24 141
124 25 141
124 26 141
124 27 141
124 28 141
124 29 141
124 30 141
124 31 141
124 32 141
124 33 141
124 34 141
124 35 141
124 36 141
124 37 141
124 38 141
124 39 141
124 40 141
124 41 141
124 42 141
124 43 141
124 44 141
124 45 141
124 46 141
124 47 141
124 48 141
124 49 141
124 50 141
124 51 141
124 52 141
124 53 141
124 54 141
124 55 141
124 56 141
124 57 141
124 58 141
124 59 141
124 60 141
124 61 141
124 62 141
124 63 141
124 64 141
124 65 141
124 66 141
124 67 141
124 68 141
124 69 141
124 70 141
124 71 141
124 72 141
124 73 141
124 74 141
124 75 141
124 76 141
124 77 141
124 78 141
124 79 141
124 80 141
124 81 141
124 82 141
124 83 141
124 84 141
124 85 141
124 86 141
124 87 141
124 88 141
124 89 141
124 90 141
124 91 141
124 92 141
124 93 141
124 94 141
124 95 141
124 96 141
124 97 141
124 98 141
124 99 141
124 100 141
124 101 141
124 102 141
124 103 141
124 104 141
124 105 141
124 106 141
124 107 141
124 108 141
124 109 141
124 110 141
124 111 141
124 112 141
124 113 141
124 114 141
124 115 141
124 116 141
124 117 141
124 118 141
124 119 141
124 120 141
124 121 141
124 122 141
124 123 141
126 1 141
126 2 141
126 3 141
126 4 141
126 5 141
126 6 141
126 7 141
126 8 141
126 9 141
126 10 141
126 11 141
126 12 141
126 13 141
126 14 141
126 15 141
126 16 141
126 17 141
126 18 141
126 19 141
126 20 141
126 21 141
126 22 141
126 23 141
126 24 141
126 25 141
126 26 141
126 27 141
126 28 141
126 29 141
126 30 141
126 31 141
126 32 141
126 33 141
126 34 141
126 35 141
126 36 141
126 37 141
126 38 141
126 39 141
126 40 141
126 41 141
126 42 141
126 43 141
126 44 141
126 45 141
126 46 141
126 47 141
126 48 141
126 49 141
126 50 141
126 51 141
126 52 141
126 53 141
126 54 141
126 55 141
126 56 141
126 57 141
126 58 141
126 59 141
126 60 141
126 61 141
126 62 141
126 63 141
126 64 141
126 65 141
126 66 141
126 67 141
126 68 141
126 69 141
126 70 141
126 71 141
126 72 141
126 73 141
126 74 141
126 75 141
126 76 141
126 77 141
126 78 141
126 79 141
126 80 141
126 81 141
126 82 141
126 83 141
126 84 141
126 85 141
126 86 141
126 87 141
126 88 141
126 89 141
126 90 141
126 91 141
126 92 141
126 93 141
126 94 141
126 95 141
126 96 141
126 97 141
126 98 141
126 99 141
126 100 141
126 101 141
126 102 141
126 103 141
126 104 141
126 105 141
126 106 141
126 107 141
126 108 141
126 109 141
126 110 141
126 111 141
126 112 141
126 113 141
126 114 141
126 115 141
126 116 141
126 117 141
126 118 141
126 119 141
126 120 141
126 121 141
126 122 141
126 123 141
126 124 141
126 125 141
128 1 141
128 2 141
128 3 141
128 4 141
128 5 141
128 6 141
128 7 141
128 8 141
128 9 141
128 10 141
128 11 141
128 12 141
128 13 141
128 14 141
128 15 141
128 16 141
128 17 141
128 18 141
128 19 141
128 20 141
128 21 141
128 22 141
128 23 141
128 24 141
128 25 141
128 26 141
128 27 141
128 28 141
128 29 141
128 30 141
128 31 141
128 32 141
128 33 141
128 34 141
128 35 141
128 36 141
128 37 141
128 38 141
128 39 141
128 40 141
128 41 141
128 42 141
128 43 141
128 44 141
128 45 141
128 46 141
128 47 141
128 48 141
128 49 141
128 50 141
128 51 141
128 52 141
128 53 141
128 54 141
128 55 141
128 56 141
128 57 141
128 58 141
128 59 141
128 60 141
128 61 141
128 62 141
128 63 141
128 64 141
128 65 141
128 66 141
128 67 141
128 68 141
128 69 141
128 70 141
128 71 141
128 72 141
128 73 141
128 74 141
128 75 141
128 76 141
128 77 141
128 78 141
128 79 141
128 80 141
128 81 141
128 82 141
128 83 141
128 84 141
128 85 141
128 86 141
128 87 141
128 88 141
128 89 141
128 90 141
128 91 141
128 92 141
128 93 141
128 94 141
128 95 141
128 96 141
128 97 141
128 98 141
128 99 141
128 100 141
128 101 141
128 102 141
128 103 141
128 104 141
128 105 141
128 106 141
128 107 141
128 108 141
128 109 141
128 110 141
128 111 141
128 112 141
128 113 141
128 114 141
128 115 141
128 116 141
128 117 141
128 118 141
128 119 141
128 120 141
128 121 141
128 122 141
128 123 141
128 124 141
128 125 141
128 126 141
128 127 141
130 1 141
130 2 141
130 3 141
130 4 141
130 5 141
130 6 141
130 7 141
130 8 141
130 9 141
130 10 141
130 11 141
130 12 141
130 13 141
130 14 141
130 15 141
130 16 141
130 17 141
130 18 141
130 19 141
130 20 141
130 21 141
130 22 141
130 23 141
130 24 141
130 25 141
130 26 141
130 27 141
130 28 141
130 29 141
130 30 141
130 31 141
130 32 141
130 33 141
130 34 141
130 35 141
130 36 141
130 37 141
130 38 141
130 39 141
130 40 141
130 41 141
130 42 141
130 43 141
130 44 141
130 45 141
130 46 141
130 47 141
130 48 141
130 49 141
130 50 141
130 51 141
130 52 141
130 53 141
130 54 141
130 55 141
130 56 141
130 57 141
130 58 141
130 59 141
130 60 141
130 61 141
130 62 141
130 63 141
130 64 141
130 65 141
130 66 141
130 67 141
130 68 141
130 69 141
130 70 141
130 71 141
130 72 141
130 73 141
130 74 141
130 75 141
130 76 141
130 77 141
130 78 141
130 79 141
130 80 141
130 81 141
130 82 141
130 83 141
130 84 141
130 85 141
130 86 141
130 87 141
130 88 141
130 89 141
130 90 141
130 91 141
130 92 141
130 93 141
130 94 141
130 95 141
130 96 141
130 97 141
130 98 141
130 99 141
130 100 141
130 101 141
130 102 141
130 103 141
130 104 141
130 105 141
130 106 141
130 107 141
130 108 141
130 109 141
130 110 141
130 111 141
130 112 141
130 113 141
130 114 141
130 115 141
130 116 141
130 117 141
130 118 141
130 119 141
130 120 141
130 121 141
130 122 141
130 123 141
130 124 141
130 125 141
130 126 141
130 127 141
130 128 141
130 129 141
132 1 141
132 2 141
132 3 141
132 4 141
132 5 141
132 6 141
132 7 141
132 8 141
132 9 141
132 10 141
132 11 141
132 12 141
132 13 141
132 14 141
132 15 141
132 16 141
132 17 141
132 18 141
132 19 141
132 20 141
132 21 141
132 22 141
132 23 141
132 24 141
132 25 141
132 26 141
132 27 141
132 28 141
132 29 141
132 30 141
132 31 141
132 32 141
132 33 141
132 34 141
132 35 141
132 36 141
132 37 141
132 38 141
132 39 141
132 40 141
132 41 141
132 42 141
132 43 141
132 44 141
132 45 141
132 46 141
132 47 141
132 48 141
132 49 141
132 50 141
132 51 141
132 52 141
132 53 141
132 54 141
132 55 141
132 56 141
132 57 141
132 58 141
132 59 141
132 60 141
132 61 141
132 62 141
132 63 141
132 64 141
132 65 141
132 66 141
132 67 141
132 68 141
132 69 141
132 70 141
132 71 141
132 72 141
132 73 141
132 74 141
132 75 141
132 76 141
132 77 141
132 78 141
132 79 141
132 80 141
132 81 141
132 82 141
132 83 141
132 84 141
132 85 141
132 86 141
132 87 141
132 88 141
132 89 141
132 90 141
132 91 141
132 92 141
132 93 141
132 94 141
132 95 141
132 96 141
132 97 141
132 98 141
132 99 141
132 100 141
132 101 141
132 102 141
132 103 141
132 104 141
132 105 141
132 106 141
132 107 141
132 108 141
132 109 141
132 110 141
132 111 141
132 112 141
132 113 141
132 114 141
132 115 141
132 116 141
132 117 141
132 118 141
132 119 141
132 120 141
132 121 141
132 122 141
132 123 141
132 124 141
132 125 141
132 126 141
132 127 141
132 128 141
132 129 141
132 130 141
132 131 141
134 1 141
134 2 141
134 3 141
134 4 141
134 5 141
134 6 141
134 7 141
134 8 141
134 9 141
134 10 141
134 11 141
134 12 141
134 13 141
134 14 141
134 15 141
134 16 141
134 17 141
134 18 141
134 19 141
134 20 141
134 21 141
134 22 141
134 23 141
134 24 141
134 25 141
134 26 141
134 27 141
134 28 141
134 29 141
134 30 141
134 31 141
134 32 141
134 33 141
134 34 141
134 35 141
134 36 141
134 37 141
134 38 141
134 39 141
134 40 141
134 41 141
134 42 141
134 43 141
134 44 141
134 45 141
134 46 141
134 47 141
134 48 141
134 49 141
134 50 141
134 51 141
134 52 141
134 53 141
134 54 141
134 55 141
134 56 141
134 57 141
134 58 141
134 59 141
134 60 141
134 61 141
134 62 141
134 63 141
134 64 141
134 65 141
134 66 141
134 67 141
134 68 141
134 69 141
134 70 141
134 71 141
134 72 141
134 73 141
134 74 141
134 75 141
134 76 141
134 77 141
134 78 141
134 79 141
134 80 141
134 81 141
134 82 141
134 83 141
134 84 141
134 85 141
134 86 141
134 87 141
134 88 141
134 89 141
134 90 141
134 91 141
134 92 141
134 93 141
134 94 141
134 95 141
134 96 141
134 97 141
134 98 141
134 99 141
134 100 141
134 101 141
134 102 141
134 103 141
134 104 141
134 105 141
134 106 141
134 107 141
134 108 141
134 109 141
134 110 141
134 111 141
134 112 141
134 113 141
134 114 141
134 115 141
134 116 141
134 117 141
134 118 141
134 119 141
134 120 141
134 121 141
134 122 141
134 123 141
134 124 141
134 125 141
134 126 141
134 127 141
134 128 141
134 129 141
134 130 141
134 131 141
134 132 141
134 133 141
136 1 141
136 2 141
136 3 141
136 4 141
136 5 141
136 6 141
136 7 141
136 8 141
136 9 141
136 10 141
136 11 141
136 12 141
136 13 141
136 14 141
136 15 141
136 16 141
136 17 141
136 18 141
136 19 141
136 20 141
136 21 141
136 22 141
136 23 141
136 24 141
136 25 141
136 26 141
136 27 141
136 28 141
136 29 141
136 30 141
136 31 141
136 32 141
136 33 141
136 34 141
136 35 141
136 36 141
136 37 141
136 38 141
136 39 141
136 40 141
136 41 141
136 42 141
136 43 141
136 44 141
136 45 141
136 46 141
136 47 141
136 48 141
136 49 141
136 50 141
136 51 141
136 52 141
136 53 141
136 54 141
136 55 141
136 56 141
136 57 141
136 58 141
136 59 141
136 60 141
136 61 141
136 62 141
136 63 141
136 64 141
136 65 141
136 66 141
136 67 141
136 68 141
136 69 141
136 70 141
136 71 141
136 72 141
136 73 141
136 74 141
136 75 141
136 76 141
136 77 141
136 78 141
136 79 141
136 80 141
136 81 141
136 82 141
136 83 141
136 84 141
136 85 141
136 86 141
136 87 141
136 88 141
136 89 141
136 90 141
136 91 141
136 92 141
136 93 141
136 94 141
136 95 141
136 96 141
136 97 141
136 98 141
136 99 141
136 100 141
136 101 141
136 102 141
136 103 141
136 104 141
136 105 141
136 106 141
136 107 141
136 108 141
136 109 141
136 110 141
136 111 141
136 112 141
136 113 141
136 114 141
136 115 141
136 116 141
136 117 141
136 118 141
136 119 141
136 120 141
136 121 141
136 122 141
136 123 141
136 124 141
136 125 141
136 126 141
136 127 141
136 128 141
136 129 141
136 130 141
136 131 141
136 132 141
136 133 141
136 134 141
136 135 141
138 1 141
138 2 141
138 3 141
138 4 141
138 5 141
138 6 141
138 7 141
138 8 141
138 9 141
138 10 141
138 11 141
138 12 141
138 13 141
138 14 141
138 15 141
138 16 141
138 17 141
138 18 141
138 19 141
138 20 141
138 21 141
138 22 141
138 23 141
138 24 141
138 25 141
138 26 141
138 27 141
138 28 141
138 29 141
138 30 141
138 31 141
138 32 141
138 33 141
138 34 141
138 35 141
138 36 141
138 37 141
138 38 141
138 39 141
138 40 141
138 41 141
138 42 141
138 43 141
138 44 141
138 45 141
138 46 141
138 47 141
138 48 141
138 49 141
138 50 141
138 51 141
138 52 141
138 53 141
138 54 141
138 55 141
138 56 141
138 57 141
138 58 141
138 59 141
138 60 141
138 61 141
138 62 141
138 63 141
138 64 141
138 65 141
138 66 141
138 67 141
138 68 141
138 69 141
138 70 141
138 71 141
138 72 141
138 73 141
138 74 141
138 75 141
138 76 141
138 77 141
138 78 141
138 79 141
138 80 141
138 81 141
138 82 141
138 83 141
138 84 141
138 85 141
138 86 141
138 87 141
138 88 141
138 89 141
138 90 141
138 91 141
138 92 141
138 93 141
138 94 141
138 95 141
138 96 141
138 97 141
138 98 141
138 99 141
138 100 141
138 101 141
138 102 141
138 103 141
138 104 141
138 105 141
138 106 141
138 107 141
138 108 141
138 109 141
138 110 141
138 111 141
138 112 141
138 113 141
138 114 141
138 115 141
138 116 141
138 117 141
138 118 141
138 119 141
138 120 141
138 121 141
138 122 141
138 123 141
138 124 141
138 125 141
138 126 141
138 127 141
138 128 141
138 129 141
138 130 141
138 131 141
138 132 141
138 133 141
138 134 141
138 135 141
138 136 141
138 137 141
140 1 141
140 2 141
140 3 141
140 4 141
140 5 141
140 6 141
140 7 141
140 8 141
140 9 141
140 10 141
140 11 141
140 12 141
140 13 141
140 14 141
140 15 141
140 16 141
140 17 141
140 18 141
140 19 141
140 20 141
140 21 141
140 22 141
140 23 141
140 24 141
140 25 141
140 26 141
140 27 141
140 28 141
140 29 141
140 30 141
140 31 141
140 32 141
140 33 141
140 34 141
140 35 141
140 36 141
140 37 141
140 38 141
140 39 141
140 40 141
140 41 141
140 42 141
140 43 141
140 44 141
140 45 141
140 46 141
140 47 141
140 48 141
140 49 141
140 50 141
140 51 141
140 52 141
140 53 141
140 54 141
140 55 141
140 56 141
140 57 141
140 58 141
140 59 141
140 60 141
140 61 141
140 62 141
140 63 141
140 64 141
140 65 141
140 66 141
140 67 141
140 68 141
140 69 141
140 70 141
140 71 141
140 72 141
140 73 141
140 74 141
140 75 141
140 76 141
140 77 141
140 78 141
140 79 141
140 80 141
140 81 141
140 82 141
140 83 141
140 84 141
140 85 141
140 86 141
140 87 141
140 88 141
140 89 141
140 90 141
140 91 141
140 92 141
140 93 141
140 94 141
140 95 141
140 96 141
140 97 141
140 98 141
140 99 141
140 100 141
140 101 141
140 102 141
140 103 141
140 104 141
140 105 141
140 106 141
140 107 141
140 108 141
140 109 141
140 110 141
140 111 141
140 112 141
140 113 141
140 114 141
140 115 141
140 116 141
140 117 141
140 118 141
140 119 141
140 120 141
140 121 141
140 122 141
140 123 141
140 124 141
140 125 141
140 126 141
140 127 141
140 128 141
140 129 141
140 130 141
140 131 141
140 132 141
140 133 141
140 134 141
140 135 141
140 136 141
140 137 141
140 138 141
140 139 141
1 2 3 4 5 6 7 8 9 10 11 12 13 14 15 16 17 18 19 20 21 22 23 24 25 26 27 28 29 30 31 32 33 34 35 36 37 38 39 40 41 42 43 44 45 46 47 48 49 50 51 52 53 54 55 56 57 58 59 60 61 62 63 64 65 66 67 68 69 70 71 72 73 74 75 76 77 78 79 80 81 82 83 84 85 86 87 88 89 90 91 92 93 94 95 96 97 98 99 100 101 102 103 104 105 106 107 108 109 110 111 112 113 114 115 116 117 118 119 120 121 122 123 124 125 126 127 128 129 130 131 132 133 134 135 136 137 138 139 142
1 2 3 4 5 6 7 8 9 10 11 12 13 14 15 16 17 18 19 20 21 22 23 24 25 26 27 28 29 30 31 32 33 34 35 36 37 38 39 40 41 42 43 44 45 46 47 48 49 50 51 52 53 54 55 56 57 58 59 60 61 62 63 64 65 66 67 68 69 70 71 72 73 74 75 76 77 78 79 80 81 82 83 84 85 86 87 88 89 90 91 92 93 94 95 96 97 98 99 100 101 102 103 104 105 106 107 108 109 110 111 112 113 114 115 116 117 118 119 120 121 122 123 124 125 126 127 128 129 130 131 132 133 134 135 136 137 140 142
1 2 3 4 5 6 7 8 9 10 11 12 13 14 15 16 17 18 19 20 21 22 23 24 25 26 27 28 29 30 31 32 33 34 35 36 37 38 39 40 41 42 43 44 45 46 47 48 49 50 51 52 53 54 55 56 57 58 59 60 61 62 63 64 65 66 67 68 69 70 71 72 73 74 75 76 77 78 79 80 81 82 83 84 85 86 87 88 89 90 91 92 93 94 95 96 97 98 99 100 101 102 103 104 105 106 107 108 109 110 111 112 113 114 115 116 117 118 119 120 121 122 123 124 125 126 127 128 129 130 131 132 133 134 135 138 140 142
1 2 3 4 5 6 7 8 9 10 11 12 13 14 15 16 17 18 19 20 21 22 23 24 25 26 27 28 29 30 31 32 33 34 35 36 37 38 39 40 41 42 43 44 45 46 47 48 49 50 51 52 53 54 55 56 57 58 59 60 61 62 63 64 65 66 67 68 69 70 71 72 73 74 75 76 77 78 79 80 81 82 83 84 85 86 87 88 89 90 91 92 93 94 95 96 97 98 99 100 101 102 103 104 105 106 107 108 109 110 111 112 113 114 115 116 117 118 119 120 121 122 123 124 125 126 127 128 129 130 131 132 133 136 138 140 142
1 2 3 4 5 6 7 8 9 10 11 12 13 14 15 16 17 18 19 20 21 22 23 24 25 26 27 28 29 30 31 32 33 34 35 36 37 38 39 40 41 42 43 44 45 46 47 48 49 50 51 52 53 54 55 56 57 58 59 60 61 62 63 64 65 66 67 68 69 70 71 72 73 74 75 76 77 78 79 80 81 82 83 84 85 86 87 88 89 90 91 92 93 94 95 96 97 98 99 100 101 102 103 104 105 106 107 108 109 110 111 112 113 114 115 116 117 118 119 120 121 122 123 124 125 126 127 128 129 130 131 134 136 138 140 142
1 2 3 4 5 6 7 8 9 10 11 12 13 14 15 16 17 18 19 20 21 22 23 24 25 26 27 28 29 30 31 32 33 34 35 36 37 38 39 40 41 42 43 44 45 46 47 48 49 50 51 52 53 54 55 56 57 58 59 60 61 62 63 64 65 66 67 68 69 70 71 72 73 74 75 76 77 78 79 80 81 82 83 84 85 86 87 88 89 90 91 92 93 94 95 96 97 98 99 100 101 102 103 104 105 106 107 108 109 110 111 112 113 114 115 116 117 118 119 120 121 122 123 124 125 126 127 128 129 132 134 136 138 140 142
1 2 3 4 5 6 7 8 9 10 11 12 13 14 15 16 17 18 19 20 21 22 23 24 25 26 27 28 29 30 31 32 33 34 35 36 37 38 39 40 41 42 43 44 45 46 47 48 49 50 51 52 53 54 55 56 57 58 59 60 61 62 63 64 65 66 67 68 69 70 71 72 73 74 75 76 77 78 79 80 81 82 83 84 85 86 87 88 89 90 91 92 93 94 95 96 97 98 99 100 101 102 103 104 105 106 107 108 109 110 111 112 113 114 115 116 117 118 119 120 121 122 123 124 125 126 127 130 132 134 136 138 140 142
1 2 3 4 5 6 7 8 9 10 11 12 13 14 15 16 17 18 19 20 21 22 23 24 25 26 27 28 29 30 31 32 33 34 35 36 37 38 39 40 41 42 43 44 45 46 47 48 49 50 51 52 53 54 55 56 57 58 59 60 61 62 63 64 65 66 67 68 69 70 71 72 73 74 75 76 77 78 79 80 81 82 83 84 85 86 87 88 89 90 91 92 93 94 95 96 97 98 99 100 101 102 103 104 105 106 107 108 109 110 111 112 113 114 115 116 117 118 119 120 121 122 123 124 125 128 130 132 134 136 138 140 142
1 2 3 4 5 6 7 8 9 10 11 12 13 14 15 16 17 18 19 20 21 22 23 24 25 26 27 28 29 30 31 32 33 34 35 36 37 38 39 40 41 42 43 44 45 46 47 48 49 50 51 52 53 54 55 56 57 58 59 60 61 62 63 64 65 66 67 68 69 70 71 72 73 74 75 76 77 78 79 80 81 82 83 84 85 86 87 88 89 90 91 92 93 94 95 96 97 98 99 100 101 102 103 104 105 106 107 108 109 110 111 112 113 114 115 116 117 118 119 120 121 122 123 126 128 130 132 134 136 138 140 142
1 2 3 4 5 6 7 8 9 10 11 12 13 14 15 16 17 18 19 20 21 22 23 24 25 26 27 28 29 30 31 32 33 34 35 36 37 38 39 40 41 42 43 44 45 46 47 48 49 50 51 52 53 54 55 56 57 58 59 60 61 62 63 64 65 66 67 68 69 70 71 72 73 74 75 76 77 78 79 80 81 82 83 84 85 86 87 88 89 90 91 92 93 94 95 96 97 98 99 100 101 102 103 104 105 106 107 108 109 110 111 112 113 114 115 116 117 118 119 120 121 124 126 128 130 132 134 136 138 140 142
1 2 3 4 5 6 7 8 9 10 11 12 13 14 15 16 17 18 19 20 21 22 23 24 25 26 27 28 29 30 31 32 33 34 35 36 37 38 39 40 41 42 43 44 45 46 47 48 49 50 51 52 53 54 55 56 57 58 59 60 61 62 63 64 65 66 67 68 69 70 71 72 73 74 75 76 77 78 79 80 81 82 83 84 85 86 87 88 89 90 91 92 93 94 95 96 97 98 99 100 101 102 103 104 105 106 107 108 109 110 111 112 113 114 115 116 117 118 119 122 124 126 128 130 132 134 136 138 140 142
1 2 3 4 5 6 7 8 9 10 11 12 13 14 15 16 17 18 19 20 21 22 23 24 25 26 27 28 29 30 31 32 33 34 35 36 37 38 39 40 41 42 43 44 45 46 47 48 49 50 51 52 53 54 55 56 57 58 59 60 61 62 63 64 65 66 67 68 69 70 71 72 73 74 75 76 77 78 79 80 81 82 83 84 85 86 87 88 89 90 91 92 93 94 95 96 97 98 99 100 101 102 103 104 105 106 107 108 109 110 111 112 113 114 115 116 117 120 122 124 126 128 130 132 134 136 138 140 142
1 2 3 4 5 6 7 8 9 10 11 12 13 14 15 16 17 18 19 20 21 22 23 24 25 26 27 28 29 30 31 32 33 34 35 36 37 38 39 40 41 42 43 44 45 46 47 48 49 50 51 52 53 54 55 56 57 58 59 60 61 62 63 64 65 66 67 68 69 70 71 72 73 74 75 76 77 78 79 80 81 82 83 84 85 86 87 88 89 90 91 92 93 94 95 96 97 98 99 100 101 102 103 104 105 106 107 108 109 110 111 112 113 114 115 118 120 122 124 126 128 130 132 134 136 138 140 142
1 2 3 4 5 6 7 8 9 10 11 12 13 14 15 16 17 18 19 20 21 22 23 24 25 26 27 28 29 30 31 32 33 34 35 36 37 38 39 40 41 42 43 44 45 46 47 48 49 50 51 52 53 54 55 56 57 58 59 60 61 62 63 64 65 66 67 68 69 70 71 72 73 74 75 76 77 78 79 80 81 82 83 84 85 86 87 88 89 90 91 92 93 94 95 96 97 98 99 100 101 102 103 104 105 106 107 108 109 110 111 112 113 116 118 120 122 124 126 128 130 132 134 136 138 140 142
1 2 3 4 5 6 7 8 9 10 11 12 13 14 15 16 17 18 19 20 21 22 23 24 25 26 27 28 29 30 31 32 33 34 35 36 37 38 39 40 41 42 43 44 45 46 47 48 49 50 51 52 53 54 55 56 57 58 59 60 61 62 63 64 65 66 67 68 69 70 71 72 73 74 75 76 77 78 79 80 81 82 83 84 85 86 87 88 89 90 91 92 93 94 95 96 97 98 99 100 101 102 103 104 105 106 107 108 109 110 111 114 116 118 120 122 124 126 128 130 132 134 136 138 140 142
1 2 3 4 5 6 7 8 9 10 11 12 13 14 15 16 17 18 19 20 21 22 23 24 25 26 27 28 29 30 31 32 33 34 35 36 37 38 39 40 41 42 43 44 45 46 47 48 49 50 51 52 53 54 55 56 57 58 59 60 61 62 63 64 65 66 67 68 69 70 71 72 73 74 75 76 77 78 79 80 81 82 83 84 85 86 87 88 89 90 91 92 93 94 95 96 97 98 99 100 101 102 103 104 105 106 107 108 109 112 114 116 118 120 122 124 126 128 130 132 134 136 138 140 142
1 2 3 4 5 6 7 8 9 10 11 12 13 14 15 16 17 18 19 20 21 22 23 24 25 26 27 28 29 30 31 32 33 34 35 36 37 38 39 40 41 42 43 44 45 46 47 48 49 50 51 52 53 54 55 56 57 58 59 60 61 62 63 64 65 66 67 68 69 70 71 72 73 74 75 76 77 78 79 80 81 82 83 84 85 86 87 88 89 90 91 92 93 94 95 96 97 98 99 100 101 102 103 104 105 106 107 110 112 114 116 118 120 122 124 126 128 130 132 134 136 138 140 142
1 2 3 4 5 6 7 8 9 10 11 12 13 14 15 16 17 18 19 20 21 22 23 24 25 26 27 28 29 30 31 32 33 34 35 36 37 38 39 40 41 42 43 44 45 46 47 48 49 50 51 52 53 54 55 56 57 58 59 60 61 62 63 64 65 66 67 68 69 70 71 72 73 74 75 76 77 78 79 80 81 82 83 84 85 86 87 88 89 90 91 92 93 94 95 96 97 98 99 100 101 102 103 104 105 108 110 112 114 116 118 120 122 124 126 128 130 132 134 136 138 140 142
1 2 3 4 5 6 7 8 9 10 11 12 13 14 15 16 17 18 19 20 21 22 23 24 25 26 27 28 29 30 31 32 33 34 35 36 37 38 39 40 41 42 43 44 45 46 47 48 49 50 51 52 53 54 55 56 57 58 59 60 61 62 63 64 65 66 67 68 69 70 71 72 73 74 75 76 77 78 79 80 81 82 83 84 85 86 87 88 89 90 91 92 93 94 95 96 97 98 99 100 101 102 103 106 108 110 112 114 116 118 120 122 124 126 128 130 132 134 136 138 140 142
1 2 3 4 5 6 7 8 9 10 11 12 13 14 15 16 17 18 19 20 21 22 23 24 25 26 27 28 29 30 31 32 33 34 35 36 37 38 39 40 41 42 43 44 45 46 47 48 49 50 51 52 53 54 55 56 57 58 59 60 61 62 63 64 65 66 67 68 69 70 71 72 73 74 75 76 77 78 79 80 81 82 83 84 85 86 87 88 89 90 91 92 93 94 95 96 97 98 99 100 101 104 106 108 110 112 114 116 118 120 122 124 126 128 130 132 134 136 138 140 142
1 2 3 4 5 6 7 8 9 10 11 12 13 14 15 16 17 18 19 20 21 22 23 24 25 26 27 28 29 30 31 32 33 34 35 36 37 38 39 40 41 42 43 44 45 46 47 48 49 50 51 52 53 54 55 56 57 58 59 60 61 62 63 64 65 66 67 68 69 70 71 72 73 74 75 76 77 78 79 80 81 82 83 84 85 86 87 88 89 90 91 92 93 94 95 96 97 98 99 102 104 106 108 110 112 114 116 118 120 122 124 126 128 130 132 134 136 138 140 142
1 2 3 4 5 6 7 8 9 10 11 12 13 14 15 16 17 18 19 20 21 22 23 24 25 26 27 28 29 30 31 32 33 34 35 36 37 38 39 40 41 42 43 44 45 46 47 48 49 50 51 52 53 54 55 56 57 58 59 60 61 62 63 64 65 66 67 68 69 70 71 72 73 74 75 76 77 78 79 80 81 82 83 84 85 86 87 88 89 90 91 92 93 94 95 96 97 100 102 104 106 108 110 112 114 116 118 120 122 124 126 128 130 132 134 136 138 140 142
1 2 3 4 5 6 7 8 9 10 11 12 13 14 15 16 17 18 19 20 21 22 23 24 25 26 27 28 29 30 31 32 33 34 35 36 37 38 39 40 41 42 43 44 45 46 47 48 49 50 51 52 53 54 55 56 57 58 59 60 61 62 63 64 65 66 67 68 69 70 71 72 73 74 75 76 77 78 79 80 81 82 83 84 85 86 87 88 89 90 91 92 93 94 95 98 100 102 104 106 108 110 112 114 116 118 120 122 124 126 128 130 132 134 136 138 140 142
1 2 3 4 5 6 7 8 9 10 11 12 13 14 15 16 17 18 19 20 21 22 23 24 25 26 27 28 29 30 31 32 33 34 35 36 37 38 39 40 41 42 43 44 45 46 47 48 49 50 51 52 53 54 55 56 57 58 59 60 61 62 63 64 65 66 67 68 69 70 71 72 73 74 75 76 77 78 79 80 81 82 83 84 85 86 87 88 89 90 91 92 93 96 98 100 102 104 106 108 110 112 114 116 118 120 122 124 126 128 130 132 134 136 138 140 142
1 2 3 4 5 6 7 8 9 10 11 12 13 14 15 16 17 18 19 20 21 22 23 24 25 26 27 28 29 30 31 32 33 34 35 36 37 38 39 40 41 42 43 44 45 46 47 48 49 50 51 52 53 54 55 56 57 58 59 60 61 62 63 64 65 66 67 68 69 70 71 72 73 74 75 76 77 78 79 80 81 82 83 84 85 86 87 88 89 90 91 94 96 98 100 102 104 106 108 110 112 114 116 118 120 122 124 126 128 130 132 134 136 138 140 142
1 2 3 4 5 6 7 8 9 10 11 12 13 14 15 16 17 18 19 20 21 22 23 24 25 26 27 28 29 30 31 32 33 34 35 36 37 38 39 40 41 42 43 44 45 46 47 48 49 50 51 52 53 54 55 56 57 58 59 60 61 62 63 64 65 66 67 68 69 70 71 72 73 74 75 76 77 78 79 80 81 82 83 84 85 86 87 88 89 92 94 96 98 100 102 104 106 108 110 112 114 116 118 120 122 124 126 128 130 132 134 136 138 140 142
1 2 3 4 5 6 7 8 9 10 11 12 13 14 15 16 17 18 19 20 21 22 23 24 25 26 27 28 29 30 31 32 33 34 35 36 37 38 39 40 41 42 43 44 45 46 47 48 49 50 51 52 53 54 55 56 57 58 59 60 61 62 63 64 65 66 67 68 69 70 71 72 73 74 75 76 77 78 79 80 81 82 83 84 85 86 87 90 92 94 96 98 100 102 104 106 108 110 112 114 116 118 120 122 124 126 128 130 132 134 136 138 140 142
1 2 3 4 5 6 7 8 9 10 11 12 13 14 15 16 17 18 19 20 21 22 23 24 25 26 27 28 29 30 31 32 33 34 35 36 37 38 39 40 41 42 43 44 45 46 47 48 49 50 51 52 53 54 55 56 57 58 59 60 61 62 63 64 65 66 67 68 69 70 71 72 73 74 75 76 77 78 79 80 81 82 83 84 85 88 90 92 94 96 98 100 102 104 106 108 110 112 114 116 118 120 122 124 126 128 130 132 134 136 138 140 142
1 2 3 4 5 6 7 8 9 10 11 12 13 14 15 16 17 18 19 20 21 22 23 24 25 26 27 28 29 30 31 32 33 34 35 36 37 38 39 40 41 42 43 44 45 46 47 48 49 50 51 52 53 54 55 56 57 58 59 60 61 62 63 64 65 66 67 68 69 70 71 72 73 74 75 76 77 78 79 80 81 82 83 86 88 90 92 94 96 98 100 102 104 106 108 110 112 114 116 118 120 122 124 126 128 130 132 134 136 138 140 142
1 2 3 4 5 6 7 8 9 10 11 12 13 14 15 16 17 18 19 20 21 22 23 24 25 26 27 28 29 30 31 32 33 34 35 36 37 38 39 40 41 42 43 44 45 46 47 48 49 50 51 52 53 54 55 56 57 58 59 60 61 62 63 64 65 66 67 68 69 70 71 72 73 74 75 76 77 78 79 80 81 84 86 88 90 92 94 96 98 100 102 104 106 108 110 112 114 116 118 120 122 124 126 128 130 132 134 136 138 140 142
1 2 3 4 5 6 7 8 9 10 11 12 13 14 15 16 17 18 19 20 21 22 23 24 25 26 27 28 29 30 31 32 33 34 35 36 37 38 39 40 41 42 43 44 45 46 47 48 49 50 51 52 53 54 55 56 57 58 59 60 61 62 63 64 65 66 67 68 69 70 71 72 73 74 75 76 77 78 79 82 84 86 88 90 92 94 96 98 100 102 104 106 108 110 112 114 116 118 120 122 124 126 128 130 132 134 136 138 140 142
1 2 3 4 5 6 7 8 9 10 11 12 13 14 15 16 17 18 19 20 21 22 23 24 25 26 27 28 29 30 31 32 33 34 35 36 37 38 39 40 41 42 43 44 45 46 47 48 49 50 51 52 53 54 55 56 57 58 59 60 61 62 63 64 65 66 67 68 69 70 71 72 73 74 75 76 77 80 82 84 86 88 90 92 94 96 98 100 102 104 106 108 110 112 114 116 118 120 122 124 126 128 130 132 134 136 138 140 142
1 2 3 4 5 6 7 8 9 10 11 12 13 14 15 16 17 18 19 20 21 22 23 24 25 26 27 28 29 30 31 32 33 34 35 36 37 38 39 40 41 42 43 44 45 46 47 48 49 50 51 52 53 54 55 56 57 58 59 60 61 62 63 64 65 66 67 68 69 70 71 72 73 74 75 78 80 82 84 86 88 90 92 94 96 98 100 102 104 106 108 110 112 114 116 118 120 122 124 126 128 130 132 134 136 138 140 142
1 2 3 4 5 6 7 8 9 10 11 12 13 14 15 16 17 18 19 20 21 22 23 24 25 26 27 28 29 30 31 32 33 34 35 36 37 38 39 40 41 42 43 44 45 46 47 48 49 50 51 52 53 54 55 56 57 58 59 60 61 62 63 64 65 66 67 68 69 70 71 72 73 76 78 80 82 84 86 88 90 92 94 96 98 100 102 104 106 108 110 112 114 116 118 120 122 124 126 128 130 132 134 136 138 140 142
1 2 3 4 5 6 7 8 9 10 11 12 13 14 15 16 17 18 19 20 21 22 23 24 25 26 27 28 29 30 31 32 33 34 35 36 37 38 39 40 41 42 43 44 45 46 47 48 49 50 51 52 53 54 55 56 57 58 59 60 61 62 63 64 65 66 67 68 69 70 71 74 76 78 80 82 84 86 88 90 92 94 96 98 100 102 104 106 108 110 112 114 116 118 120 122 124 126 128 130 132 134 136 138 140 142
1 2 3 4 5 6 7 8 9 10 11 12 13 14 15 16 17 18 19 20 21 22 23 24 25 26 27 28 29 30 31 32 33 34 35 36 37 38 39 40 41 42 43 44 45 46 47 48 49 50 51 52 53 54 55 56 57 58 59 60 61 62 63 64 65 66 67 68 69 72 74 76 78 80 82 84 86 88 90 92 94 96 98 100 102 104 106 108 110 112 114 116 118 120 122 124 126 128 130 132 134 136 138 140 142
1 2 3 4 5 6 7 8 9 10 11 12 13 14 15 16 17 18 19 20 21 22 23 24 25 26 27 28 29 30 31 32 33 34 35 36 37 38 39 40 41 42 43 44 45 46 47 48 49 50 51 52 53 54 55 56 57 58 59 60 61 62 63 64 65 66 67 70 72 74 76 78 80 82 84 86 88 90 92 94 96 98 100 102 104 106 108 110 112 114 116 118 120 122 124 126 128 130 132 134 136 138 140 142
1 2 3 4 5 6 7 8 9 10 11 12 13 14 15 16 17 18 19 20 21 22 23 24 25 26 27 28 29 30 31 32 33 34 35 36 37 38 39 40 41 42 43 44 45 46 47 48 49 50 51 52 53 54 55 56 57 58 59 60 61 62 63 64 65 68 70 72 74 76 78 80 82 84 86 88 90 92 94 96 98 100 102 104 106 108 110 112 114 116 118 120 122 124 126 128 130 132 134 136 138 140 142
1 2 3 4 5 6 7 8 9 10 11 12 13 14 15 16 17 18 19 20 21 22 23 24 25 26 27 28 29 30 31 32 33 34 35 36 37 38 39 40 41 42 43 44 45 46 47 48 49 50 51 52 53 54 55 56 57 58 59 60 61 62 63 66 68 70 72 74 76 78 80 82 84 86 88 90 92 94 96 98 100 102 104 106 108 110 112 114 116 118 120 122 124 126 128 130 132 134 136 138 140 142
1 2 3 4 5 6 7 8 9 10 11 12 13 14 15 16 17 18 19 20 21 22 23 24 25 26 27 28 29 30 31 32 33 34 35 36 37 38 39 40 41 42 43 44 45 46 47 48 49 50 51 52 53 54 55 56 57 58 59 60 61 64 66 68 70 72 74 76 78 80 82 84 86 88 90 92 94 96 98 100 102 104 106 108 110 112 114 116 118 120 122 124 126 128 130 132 134 136 138 140 142
1 2 3 4 5 6 7 8 9 10 11 12 13 14 15 16 17 18 19 20 21 22 23 24 25 26 27 28 29 30 31 32 33 34 35 36 37 38 39 40 41 42 43 44 45 46 47 48 49 50 51 52 53 54 55 56 57 58 59 62 64 66 68 70 72 74 76 78 80 82 84 86 88 90 92 94 96 98 100 102 104 106 108 110 112 114 116 118 120 122 124 126 128 130 132 134 136 138 140 142
1 2 3 4 5 6 7 8 9 10 11 12 13 14 15 16 17 18 19 20 21 22 23 24 25 26 27 28 29 30 31 32 33 34 35 36 37 38 39 40 41 42 43 44 45 46 47 48 49 50 51 52 53 54 55 56 57 60 62 64 66 68 70 72 74 76 78 80 82 84 86 88 90 92 94 96 98 100 102 104 106 108 110 112 114 116 118 120 122 124 126 128 130 132 134 136 138 140 142
1 2 3 4 5 6 7 8 9 10 11 12 13 14 15 16 17 18 19 20 21 22 23 24 25 26 27 28 29 30 31 32 33 34 35 36 37 38 39 40 41 42 43 44 45 46 47 48 49 50 51 52 53 54 55 58 60 62 64 66 68 70 72 74 76 78 80 82 84 86 88 90 92 94 96 98 100 102 104 106 108 110 112 114 116 118 120 122 124 126 128 130 132 134 136 138 140 142
1 2 3 4 5 6 7 8 9 10 11 12 13 14 15 16 17 18 19 20 21 22 23 24 25 26 27 28 29 30 31 32 33 34 35 36 37 38 39 40 41 42 43 44 45 46 47 48 49 50 51 52 53 56 58 60 62 64 66 68 70 72 74 76 78 80 82 84 86 88 90 92 94 96 98 100 102 104 106 108 110 112 114 116 118 120 122 124 126 128 130 132 134 136 138 140 142
1 2 3 4 5 6 7 8 9 10 11 12 13 14 15 16 17 18 19 20 21 22 23 24 25 26 27 28 29 30 31 32 33 34 35 36 37 38 39 40 41 42 43 44 45 46 47 48 49 50 51 54 56 58 60 62 64 66 68 70 72 74 76 78 80 82 84 86 88 90 92 94 96 98 100 102 104 106 108 110 112 114 116 118 120 122 124 126 128 130 132 134 136 138 140 142
1 2 3 4 5 6 7 8 9 10 11 12 13 14 15 16 17 18 19 20 21 22 23 24 25 26 27 28 29 30 31 32 33 34 35 36 37 38 39 40 41 42 43 44 45 46 47 48 49 52 54 56 58 60 62 64 66 68 70 72 74 76 78 80 82 84 86 88 90 92 94 96 98 100 102 104 106 108 110 112 114 116 118 120 122 124 126 128 130 132 134 136 138 140 142
1 2 3 4 5 6 7 8 9 10 11 12 13 14 15 16 17 18 19 20 21 22 23 24 25 26 27 28 29 30 31 32 33 34 35 36 37 38 39 40 41 42 43 44 45 46 47 50 52 54 56 58 60 62 64 66 68 70 72 74 76 78 80 82 84 86 88 90 92 94 96 98 100 102 104 106 108 110 112 114 116 118 120 122 124 126 128 130 132 134 136 138 140 142
1 2 3 4 5 6 7 8 9 10 11 12 13 14 15 16 17 18 19 20 21 22 23 24 25 26 27 28 29 30 31 32 33 34 35 36 37 38 39 40 41 42 43 44 45 48 50 52 54 56 58 60 62 64 66 68 70 72 74 76 78 80 82 84 86 88 90 92 94 96 98 100 102 104 106 108 110 112 114 116 118 120 122 124 126 128 130 132 134 136 138 140 142
1 2 3 4 5 6 7 8 9 10 11 12 13 14 15 16 17 18 19 20 21 22 23 24 25 26 27 28 29 30 31 32 33 34 35 36 37 38 39 40 41 42 43 46 48 50 52 54 56 58 60 62 64 66 68 70 72 74 76 78 80 82 84 86 88 90 92 94 96 98 100 102 104 106 108 110 112 114 116 118 120 122 124 126 128 130 132 134 136 138 140 142
1 2 3 4 5 6 7 8 9 10 11 12 13 14 15 16 17 18 19 20 21 22 23 24 25 26 27 28 29 30 31 32 33 34 35 36 37 38 39 40 41 44 46 48 50 52 54 56 58 60 62 64 66 68 70 72 74 76 78 80 82 84 86 88 90 92 94 96 98 100 102 104 106 108 110 112 114 116 118 120 122 124 126 128 130 132 134 136 138 140 142
1 2 3 4 5 6 7 8 9 10 11 12 13 14 15 16 17 18 19 20 21 22 23 24 25 26 27 28 29 30 31 32 33 34 35 36 37 38 39 42 44 46 48 50 52 54 56 58 60 62 64 66 68 70 72 74 76 78 80 82 84 86 88 90 92 94 96 98 100 102 104 106 108 110 112 114 116 118 120 122 124 126 128 130 132 134 136 138 140 142
1 2 3 4 5 6 7 8 9 10 11 12 13 14 15 16 17 18 19 20 21 22 23 24 25 26 27 28 29 30 31 32 33 34 35 36 37 40 42 44 46 48 50 52 54 56 58 60 62 64 66 68 70 72 74 76 78 80 82 84 86 88 90 92 94 96 98 100 102 104 106 108 110 112 114 116 118 120 122 124 126 128 130 132 134 136 138 140 142
1 2 3 4 5 6 7 8 9 10 11 12 13 14 15 16 17 18 19 20 21 22 23 24 25 26 27 28 29 30 31 32 33 34 35 38 40 42 44 46 48 50 52 54 56 58 60 62 64 66 68 70 72 74 76 78 80 82 84 86 88 90 92 94 96 98 100 102 104 106 108 110 112 114 116 118 120 122 124 126 128 130 132 134 136 138 140 142
1 2 3 4 5 6 7 8 9 10 11 12 13 14 15 16 17 18 19 20 21 22 23 24 25 26 27 28 29 30 31 32 33 36 38 40 42 44 46 48 50 52 54 56 58 60 62 64 66 68 70 72 74 76 78 80 82 84 86 88 90 92 94 96 98 100 102 104 106 108 110 112 114 116 118 120 122 124 126 128 130 132 134 136 138 140 142
1 2 3 4 5 6 7 8 9 10 11 12 13 14 15 16 17 18 19 20 21 22 23 24 25 26 27 28 29 30 31 34 36 38 40 42 44 46 48 50 52 54 56 58 60 62 64 66 68 70 72 74 76 78 80 82 84 86 88 90 92 94 96 98 100 102 104 106 108 110 112 114 116 118 120 122 124 126 128 130 132 134 136 138 140 142
1 2 3 4 5 6 7 8 9 10 11 12 13 14 15 16 17 18 19 20 21 22 23 24 25 26 27 28 29 32 34 36 38 40 42 44 46 48 50 52 54 56 58 60 62 64 66 68 70 72 74 76 78 80 82 84 86 88 90 92 94 96 98 100 102 104 106 108 110 112 114 116 118 120 122 124 126 128 130 132 134 136 138 140 142
1 2 3 4 5 6 7 8 9 10 11 12 13 14 15 16 17 18 19 20 21 22 23 24 25 26 27 30 32 34 36 38 40 42 44 46 48 50 52 54 56 58 60 62 64 66 68 70 72 74 76 78 80 82 84 86 88 90 92 94 96 98 100 102 104 106 108 110 112 114 116 118 120 122 124 126 128 130 132 134 136 138 140 142
1 2 3 4 5 6 7 8 9 10 11 12 13 14 15 16 17 18 19 20 21 22 23 24 25 28 30 32 34 36 38 40 42 44 46 48 50 52 54 56 58 60 62 64 66 68 70 72 74 76 78 80 82 84 86 88 90 92 94 96 98 100 102 104 106 108 110 112 114 116 118 120 122 124 126 128 130 132 134 136 138 140 142
1 2 3 4 5 6 7 8 9 10 11 12 13 14 15 16 17 18 19 20 21 22 23 26 28 30 32 34 36 38 40 42 44 46 48 50 52 54 56 58 60 62 64 66 68 70 72 74 76 78 80 82 84 86 88 90 92 94 96 98 100 102 104 106 108 110 112 114 116 118 120 122 124 126 128 130 132 134 136 138 140 142
1 2 3 4 5 6 7 8 9 10 11 12 13 14 15 16 17 18 19 20 21 24 26 28 30 32 34 36 38 40 42 44 46 48 50 52 54 56 58 60 62 64 66 68 70 72 74 76 78 80 82 84 86 88 90 92 94 96 98 100 102 104 106 108 110 112 114 116 118 120 122 124 126 128 130 132 134 136 138 140 142
1 2 3 4 5 6 7 8 9 10 11 12 13 14 15 16 17 18 19 22 24 26 28 30 32 34 36 38 40 42 44 46 48 50 52 54 56 58 60 62 64 66 68 70 72 74 76 78 80 82 84 86 88 90 92 94 96 98 100 102 104 106 108 110 112 114 116 118 120 122 124 126 128 130 132 134 136 138 140 142
1 2 3 4 5 6 7 8 9 10 11 12 13 14 15 16 17 20 22 24 26 28 30 32 34 36 38 40 42 44 46 48 50 52 54 56 58 60 62 64 66 68 70 72 74 76 78 80 82 84 86 88 90 92 94 96 98 100 102 104 106 108 110 112 114 116 118 120 122 124 126 128 130 132 134 136 138 140 142
1 2 3 4 5 6 7 8 9 10 11 12 13 14 15 18 20 22 24 26 28 30 32 34 36 38 40 42 44 46 48 50 52 54 56 58 60 62 64 66 68 70 72 74 76 78 80 82 84 86 88 90 92 94 96 98 100 102 104 106 108 110 112 114 116 118 120 122 124 126 128 130 132 134 136 138 140 142
1 2 3 4 5 6 7 8 9 10 11 12 13 16 18 20 22 24 26 28 30 32 34 36 38 40 42 44 46 48 50 52 54 56 58 60 62 64 66 68 70 72 74 76 78 80 82 84 86 88 90 92 94 96 98 100 102 104 106 108 110 112 114 116 118 120 122 124 126 128 130 132 134 136 138 140 142
1 2 3 4 5 6 7 8 9 10 11 14 16 18 20 22 24 26 28 30 32 34 36 38 40 42 44 46 48 50 52 54 56 58 60 62 64 66 68 70 72 74 76 78 80 82 84 86 88 90 92 94 96 98 100 102 104 106 108 110 112 114 116 118 120 122 124 126 128 130 132 134 136 138 140 142
1 2 3 4 5 6 7 8 9 12 14 16 18 20 22 24 26 28 30 32 34 36 38 40 42 44 46 48 50 52 54 56 58 60 62 64 66 68 70 72 74 76 78 80 82 84 86 88 90 92 94 96 98 100 102 104 106 108 110 112 114 116 118 120 122 124 126 128 130 132 134 136 138 140 142
1 2 3 4 5 6 7 10 12 14 16 18 20 22 24 26 28 30 32 34 36 38 40 42 44 46 48 50 52 54 56 58 60 62 64 66 68 70 72 74 76 78 80 82 84 86 88 90 92 94 96 98 100 102 104 106 108 110 112 114 116 118 120 122 124 126 128 130 132 134 136 138 140 142
1 2 3 4 5 8 10 12 14 16 18 20 22 24 26 28 30 32 34 36 38 40 42 44 46 48 50 52 54 56 58 60 62 64 66 68 70 72 74 76 78 80 82 84 86 88 90 92 94 96 98 100 102 104 106 108 110 112 114 116 118 120 122 124 126 128 130 132 134 136 138 140 142
1 2 3 6 8 10 12 14 16 18 20 22 24 26 28 30 32 34 36 38 40 42 44 46 48 50 52 54 56 58 60 62 64 66 68 70 72 74 76 78 80 82 84 86 88 90 92 94 96 98 100 102 104 106 108 110 112 114 116 118 120 122 124 126 128 130 132 134 136 138 140 142
1 4 6 8 10 12 14 16 18 20 22 24 26 28 30 32 34 36 38 40 42 44 46 48 50 52 54 56 58 60 62 64 66 68 70 72 74 76 78 80 82 84 86 88 90 92 94 96 98 100 102 104 106 108 110 112 114 116 118 120 122 124 126 128 130 132 134 136 138 140 142
2 4 6 8 10 12 14 16 18 20 22 24 26 28 30 32 34 36 38 40 42 44 46 48 50 52 54 56 58 60 62 64 66 68 70 72 74 76 78 80 82 84 86 88 90 92 94 96 98 100 102 104 106 108 110 112 114 116 118 120 122 124 126 128 130 132 134 136 138 140 142
141 142
