2 1 161
4 1 161
4 2 161
4 3 161
6 1 161
6 2 161
6 3 161
6 4 161
6 5 161
8 1 161
8 2 161
8 3 161
8 4 161
8 5 161
8 6 161
8 7 161
10 1 161
10 2 161
10 3 161
10 4 161
10 5 161
10 6 161
10 7 161
10 8 161
10 9 161
12 1 161
12 2 161
12 3 161
12 4 161
12 5 161
12 6 161
12 7 161
12 8 161
12 9 161
12 10 161
12 11 161
14 1 161
14 2 161
14 3 161
14 4 161
14 5 161
14 6 161
14 7 161
14 8 161
14 9 161
14 10 161
14 11 161
14 12 161
14 13 161
16 1 161
16 2 161
16 3 161
16 4 161
16 5 161
16 6 161
16 7 161
16 8 161
16 9 161
16 10 161
16 11 161
16 12 161
16 13 161
16 14 161
16 15 161
18 1 161
18 2 161
18 3 161
18 4 161
18 5 161
18 6 161
18 7 161
18 8 161
18 9 161
18 10 161
18 11 161
18 12 161
18 13 161
18 14 161
18 15 161
18 16 161
18 17 161
20 1 161
20 2 161
20 3 161
20 4 161
20 5 161
20 6 161
20 7 161
20 8 161
20 9 161
20 10 161
20 11 161
20 12 161
20 13 161
20 14 161
20 15 161
20 16 161
20 17 161
20 18 161
20 19 161
22 1 161
22 2 161
22 3 161
22 4 161
22 5 161
22 6 161
22 7 161
22 8 161
22 9 161
22 10 161
22 11 161
22 12 161
22 13 161
22 14 161
22 15 161
22 16 161
22 17 161
22 18 161
22 19 161
22 20 161
22 21 161
24 1 161
24 2 161
24 3 161
24 4 161
24 5 161
24 6 161
24 7 161
24 8 161
24 9 161
24 10 161
24 11 161
24 12 161
24 13 161
24 14 161
24 15 161
24 16 161
24 17 161
24 18 161
24 19 161
24 20 161
24 21 161
24 22 161
24 23 161
26 1 161
26 2 161
26 3 161
26 4 161
26 5 161
26 6 161
26 7 161
26 8 161
26 9 161
26 10 161
26 11 161
26 12 161
26 13 161
26 14 161
26 15 161
26 16 161
26 17 161
26 18 161
26 19 161
26 20 161
26 21 161
26 22 161
26 23 161
26 24 161
26 25 161
28 1 161
28 2 161
28 3 161
28 4 161
28 5 161
28 6 161
28 7 161
28 8 161
28 9 161
28 10 161
28 11 161
28 12 161
28 13 161
28 14 161
28 15 161
28 16 161
28 17 161
28 18 161
28 19 161
28 20 161
28 21 161
28 22 161
28 23 161
28 24 161
28 25 161
28 26 161
28 27 161
30 1 161
30 2 161
30 3 161
30 4 161
30 5 161
30 6 161
30 7 161
30 8 161
30 9 161
30 10 161
30 11 161
30 12 161
30 13 161
30 14 161
30 15 161
30 16 161
30 17 161
30 18 161
30 19 161
30 20 161
30 21 161
30 22 161
30 23 161
30 24 161
30 25 161
30 26 161
30 27 161
30 28 161
30 29 161
32 1 161
32 2 161
32 3 161
32 4 161
32 5 161
32 6 161
32 7 161
32 8 161
32 9 161
32 10 161
32 11 161
32 12 161
32 13 161
32 14 161
32 15 161
32 16 161
32 17 161
32 18 161
32 19 161
32 20 161
32 21 161
32 22 161
32 23 161
32 24 161
32 25 161
32 26 161
32 27 161
32 28 161
32 29 161
32 30 161
32 31 161
34 1 161
34 2 161
34 3 161
34 4 161
34 5 161
34 6 161
34 7 161
34 8 161
34 9 161
34 10 161
34 11 161
34 12 161
34 13 161
34 14 161
34 15 161
34 16 161
34 17 161
34 18 161
34 19 161
34 20 161
34 21 161
34 22 161
34 23 161
34 24 161
34 25 161
34 26 161
34 27 161
34 28 161
34 29 161
34 30 161
34 31 161
34 32 161
34 33 161
36 1 161
36 2 161
36 3 161
36 4 161
36 5 161
36 6 161
36 7 161
36 8 161
36 9 161
36 10 161
36 11 161
36 12 161
36 13 161
36 14 161
36 15 161
36 16 161
36 17 161
36 18 161
36 19 161
36 20 161
36 21 161
36 22 161
36 23 161
36 24 161
36 25 161
36 26 161
36 27 161
36 28 161
36 29 161
36 30 161
36 31 161
36 32 161
36 33 161
36 34 161
36 35 161
38 1 161
38 2 161
38 3 161
38 4 161
38 5 161
38 6 161
38 7 161
38 8 161
38 9 161
38 10 161
38 11 161
38 12 161
38 13 161
38 14 161
38 15 161
38 16 161
38 17 161
38 18 161
38 19 161
38 20 161
38 21 161
38 22 161
38 23 161
38 24 161
38 25 161
38 26 161
38 27 161
38 28 161
38 29 161
38 30 161
38 31 161
38 32 161
38 33 161
38 34 161
38 35 161
38 36 161
38 37 161
40 1 161
40 2 161
40 3 161
40 4 161
40 5 161
40 6 161
40 7 161
40 8 161
40 9 161
40 10 161
40 11 161
40 12 161
40 13 161
40 14 161
40 15 161
40 16 161
40 17 161
40 18 161
40 19 161
40 20 161
40 21 161
40 22 161
40 23 161
40 24 161
40 25 161
40 26 161
40 27 161
40 28 161
40 29 161
40 30 161
40 31 161
40 32 161
40 33 161
40 34 161
40 35 161
40 36 161
40 37 161
40 38 161
40 39 161
42 1 161
42 2 161
42 3 161
42 4 161
42 5 161
42 6 161
42 7 161
42 8 161
42 9 161
42 10 161
42 11 161
42 12 161
42 13 161
42 14 161
42 15 161
42 16 161
42 17 161
42 18 161
42 19 161
42 20 161
42 21 161
42 22 161
42 23 161
42 24 161
42 25 161
42 26 161
42 27 161
42 28 161
42 29 161
42 30 161
42 31 161
42 32 161
42 33 161
42 34 161
42 35 161
42 36 161
42 37 161
42 38 161
42 39 161
42 40 161
42 41 161
44 1 161
44 2 161
44 3 161
44 4 161
44 5 161
44 6 161
44 7 161
44 8 161
44 9 161
44 10 161
44 11 161
44 12 161
44 13 161
44 14 161
44 15 161
44 16 161
44 17 161
44 18 161
44 19 161
44 20 161
44 21 161
44 22 161
44 23 161
44 24 161
44 25 161
44 26 161
44 27 161
44 28 161
44 29 161
44 30 161
44 31 161
44 32 161
44 33 161
44 34 161
44 35 161
44 36 161
44 37 161
44 38 161
44 39 161
44 40 161
44 41 161
44 42 161
44 43 161
46 1 161
46 2 161
46 3 161
46 4 161
46 5 161
46 6 161
46 7 161
46 8 161
46 9 161
46 10 161
46 11 161
46 12 161
46 13 161
46 14 161
46 15 161
46 16 161
46 17 161
46 18 161
46 19 161
46 20 161
46 21 161
46 22 161
46 23 161
46 24 161
46 25 161
46 26 161
46 27 161
46 28 161
46 29 161
46 30 161
46 31 161
46 32 161
46 33 161
46 34 161
46 35 161
46 36 161
46 37 161
46 38 161
46 39 161
46 40 161
46 41 161
46 42 161
46 43 161
46 44 161
46 45 161
48 1 161
48 2 161
48 3 161
48 4 161
48 5 161
48 6 161
48 7 161
48 8 161
48 9 161
48 10 161
48 11 161
48 12 161
48 13 161
48 14 161
48 15 161
48 16 161
48 17 161
48 18 161
48 19 161
48 20 161
48 21 161
48 22 161
48 23 161
48 24 161
48 25 161
48 26 161
48 27 161
48 28 161
48 29 161
48 30 161
48 31 161
48 32 161
48 33 161
48 34 161
48 35 161
48 36 161
48 37 161
48 38 161
48 39 161
48 40 161
48 41 161
48 42 161
48 43 161
48 44 161
48 45 161
48 46 161
48 47 161
50 1 161
50 2 161
50 3 161
50 4 161
50 5 161
50 6 161
50 7 161
50 8 161
50 9 161
50 10 161
50 11 161
50 12 161
50 13 161
50 14 161
50 15 161
50 16 161
50 17 161
50 18 161
50 19 161
50 20 161
50 21 161
50 22 161
50 23 161
50 24 161
50 25 161
50 26 161
50 27 161
50 28 161
50 29 161
50 30 161
50 31 161
50 32 161
50 33 161
50 34 161
50 35 161
50 36 161
50 37 161
50 38 161
50 39 161
50 40 161
50 41 161
50 42 161
50 43 161
50 44 161
50 45 161
50 46 161
50 47 161
50 48 161
50 49 161
52 1 161
52 2 161
52 3 161
52 4 161
52 5 161
52 6 161
52 7 161
52 8 161
52 9 161
52 10 161
52 11 161
52 12 161
52 13 161
52 14 161
52 15 161
52 16 161
52 17 161
52 18 161
52 19 161
52 20 161
52 21 161
52 22 161
52 23 161
52 24 161
52 25 161
52 26 161
52 27 161
52 28 161
52 29 161
52 30 161
52 31 161
52 32 161
52 33 161
52 34 161
52 35 161
52 36 161
52 37 161
52 38 161
52 39 161
52 40 161
52 41 161
52 42 161
52 43 161
52 44 161
52 45 161
52 46 161
52 47 161
52 48 161
52 49 161
52 50 161
52 51 161
54 1 161
54 2 161
54 3 161
54 4 161
54 5 161
54 6 161
54 7 161
54 8 161
54 9 161
54 10 161
54 11 161
54 12 161
54 13 161
54 14 161
54 15 161
54 16 161
54 17 161
54 18 161
54 19 161
54 20 161
54 21 161
54 22 161
54 23 161
54 24 161
54 25 161
54 26 161
54 27 161
54 28 161
54 29 161
54 30 161
54 31 161
54 32 161
54 33 161
54 34 161
54 35 161
54 36 161
54 37 161
54 38 161
54 39 161
54 40 161
54 41 161
54 42 161
54 43 161
54 44 161
54 45 161
54 46 161
54 47 161
54 48 161
54 49 161
54 50 161
54 51 161
54 52 161
54 53 161
56 1 161
56 2 161
56 3 161
56 4 161
56 5 161
56 6 161
56 7 161
56 8 161
56 9 161
56 10 161
56 11 161
56 12 161
56 13 161
56 14 161
56 15 161
56 16 161
56 17 161
56 18 161
56 19 161
56 20 161
56 21 161
56 22 161
56 23 161
56 24 161
56 25 161
56 26 161
56 27 161
56 28 161
56 29 161
56 30 161
56 31 161
56 32 161
56 33 161
56 34 161
56 35 161
56 36 161
56 37 161
56 38 161
56 39 161
56 40 161
56 41 161
56 42 161
56 43 161
56 44 161
56 45 161
56 46 161
56 47 161
56 48 161
56 49 161
56 50 161
56 51 161
56 52 161
56 53 161
56 54 161
56 55 161
58 1 161
58 2 161
58 3 161
58 4 161
58 5 161
58 6 161
58 7 161
58 8 161
58 9 161
58 10 161
58 11 161
58 12 161
58 13 161
58 14 161
58 15 161
58 16 161
58 17 161
58 18 161
58 19 161
58 20 161
58 21 161
58 22 161
58 23 161
58 24 161
58 25 161
58 26 161
58 27 161
58 28 161
58 29 161
58 30 161
58 31 161
58 32 161
58 33 161
58 34 161
58 35 161
58 36 161
58 37 161
58 38 161
58 39 161
58 40 161
58 41 161
58 42 161
58 43 161
58 44 161
58 45 161
58 46 161
58 47 161
58 48 161
58 49 161
58 50 161
58 51 161
58 52 161
58 53 161
58 54 161
58 55 161
58 56 161
58 57 161
60 1 161
60 2 161
60 3 161
60 4 161
60 5 161
60 6 161
60 7 161
60 8 161
60 9 161
60 10 161
60 11 161
60 12 161
60 13 161
60 14 161
60 15 161
60 16 161
60 17 161
60 18 161
60 19 161
60 20 161
60 21 161
60 22 161
60 23 161
60 24 161
60 25 161
60 26 161
60 27 161
60 28 161
60 29 161
60 30 161
60 31 161
60 32 161
60 33 161
60 34 161
60 35 161
60 36 161
60 37 161
60 38 161
60 39 161
60 40 161
60 41 161
60 42 161
60 43 161
60 44 161
60 45 161
60 46 161
60 47 161
60 48 161
60 49 161
60 50 161
60 51 161
60 52 161
60 53 161
60 54 161
60 55 161
60 56 161
60 57 161
60 58 161
60 59 161
62 1 161
62 2 161
62 3 161
62 4 161
62 5 161
62 6 161
62 7 161
62 8 161
62 9 161
62 10 161
62 11 161
62 12 161
62 13 161
62 14 161
62 15 161
62 16 161
62 17 161
62 18 161
62 19 161
62 20 161
62 21 161
62 22 161
62 23 161
62 24 161
62 25 161
62 26 161
62 27 161
62 28 161
62 29 161
62 30 161
62 31 161
62 32 161
62 33 161
62 34 161
62 35 161
62 36 161
62 37 161
62 38 161
62 39 161
62 40 161
62 41 161
62 42 161
62 43 161
62 44 161
62 45 161
62 46 161
62 47 161
62 48 161
62 49 161
62 50 161
62 51 161
62 52 161
62 53 161
62 54 161
62 55 161
62 56 161
62 57 161
62 58 161
62 59 161
62 60 161
62 61 161
64 1 161
64 2 161
64 3 161
64 4 161
64 5 161
64 6 161
64 7 161
64 8 161
64 9 161
64 10 161
64 11 161
64 12 161
64 13 161
64 14 161
64 15 161
64 16 161
64 17 161
64 18 161
64 19 161
64 20 161
64 21 161
64 22 161
64 23 161
64 24 161
64 25 161
64 26 161
64 27 161
64 28 161
64 29 161
64 30 161
64 31 161
64 32 161
64 33 161
64 34 161
64 35 161
64 36 161
64 37 161
64 38 161
64 39 161
64 40 161
64 41 161
64 42 161
64 43 161
64 44 161
64 45 161
64 46 161
64 47 161
64 48 161
64 49 161
64 50 161
64 51 161
64 52 161
64 53 161
64 54 161
64 55 161
64 56 161
64 57 161
64 58 161
64 59 161
64 60 161
64 61 161
64 62 161
64 63 161
66 1 161
66 2 161
66 3 161
66 4 161
66 5 161
66 6 161
66 7 161
66 8 161
66 9 161
66 10 161
66 11 161
66 12 161
66 13 161
66 14 161
66 15 161
66 16 161
66 17 161
66 18 161
66 19 161
66 20 161
66 21 161
66 22 161
66 23 161
66 24 161
66 25 161
66 26 161
66 27 161
66 28 161
66 29 161
66 30 161
66 31 161
66 32 161
66 33 161
66 34 161
66 35 161
66 36 161
66 37 161
66 38 161
66 39 161
66 40 161
66 41 161
66 42 161
66 43 161
66 44 161
66 45 161
66 46 161
66 47 161
66 48 161
66 49 161
66 50 161
66 51 161
66 52 161
66 53 161
66 54 161
66 55 161
66 56 161
66 57 161
66 58 161
66 59 161
66 60 161
66 61 161
66 62 161
66 63 161
66 64 161
66 65 161
68 1 161
68 2 161
68 3 161
68 4 161
68 5 161
68 6 161
68 7 161
68 8 161
68 9 161
68 10 161
68 11 161
68 12 161
68 13 161
68 14 161
68 15 161
68 16 161
68 17 161
68 18 161
68 19 161
68 20 161
68 21 161
68 22 161
68 23 161
68 24 161
68 25 161
68 26 161
68 27 161
68 28 161
68 29 161
68 30 161
68 31 161
68 32 161
68 33 161
68 34 161
68 35 161
68 36 161
68 37 161
68 38 161
68 39 161
68 40 161
68 41 161
68 42 161
68 43 161
68 44 161
68 45 161
68 46 161
68 47 161
68 48 161
68 49 161
68 50 161
68 51 161
68 52 161
68 53 161
68 54 161
68 55 161
68 56 161
68 57 161
68 58 161
68 59 161
68 60 161
68 61 161
68 62 161
68 63 161
68 64 161
68 65 161
68 66 161
68 67 161
70 1 161
70 2 161
70 3 161
70 4 161
70 5 161
70 6 161
70 7 161
70 8 161
70 9 161
70 10 161
70 11 161
70 12 161
70 13 161
70 14 161
70 15 161
70 16 161
70 17 161
70 18 161
70 19 161
70 20 161
70 21 161
70 22 161
70 23 161
70 24 161
70 25 161
70 26 161
70 27 161
70 28 161
70 29 161
70 30 161
70 31 161
70 32 161
70 33 161
70 34 161
70 35 161
70 36 161
70 37 161
70 38 161
70 39 161
70 40 161
70 41 161
70 42 161
70 43 161
70 44 161
70 45 161
70 46 161
70 47 161
70 48 161
70 49 161
70 50 161
70 51 161
70 52 161
70 53 161
70 54 161
70 55 161
70 56 161
70 57 161
70 58 161
70 59 161
70 60 161
70 61 161
70 62 161
70 63 161
70 64 161
70 65 161
70 66 161
70 67 161
70 68 161
70 69 161
72 1 161
72 2 161
72 3 161
72 4 161
72 5 161
72 6 161
72 7 161
72 8 161
72 9 161
72 10 161
72 11 161
72 12 161
72 13 161
72 14 161
72 15 161
72 16 161
72 17 161
72 18 161
72 19 161
72 20 161
72 21 161
72 22 161
72 23 161
72 24 161
72 25 161
72 26 161
72 27 161
72 28 161
72 29 161
72 30 161
72 31 161
72 32 161
72 33 161
72 34 161
72 35 161
72 36 161
72 37 161
72 38 161
72 39 161
72 40 161
72 41 161
72 42 161
72 43 161
72 44 161
72 45 161
72 46 161
72 47 161
72 48 161
72 49 161
72 50 161
72 51 161
72 52 161
72 53 161
72 54 161
72 55 161
72 56 161
72 57 161
72 58 161
72 59 161
72 60 161
72 61 161
72 62 161
72 63 161
72 64 161
72 65 161
72 66 161
72 67 161
72 68 161
72 69 161
72 70 161
72 71 161
74 1 161
74 2 161
74 3 161
74 4 161
74 5 161
74 6 161
74 7 161
74 8 161
74 9 161
74 10 161
74 11 161
74 12 161
74 13 161
74 14 161
74 15 161
74 16 161
74 17 161
74 18 161
74 19 161
74 20 161
74 21 161
74 22 161
74 23 161
74 24 161
74 25 161
74 26 161
74 27 161
74 28 161
74 29 161
74 30 161
74 31 161
74 32 161
74 33 161
74 34 161
74 35 161
74 36 161
74 37 161
74 38 161
74 39 161
74 40 161
74 41 161
74 42 161
74 43 161
74 44 161
74 45 161
74 46 161
74 47 161
74 48 161
74 49 161
74 50 161
74 51 161
74 52 161
74 53 161
74 54 161
74 55 161
74 56 161
74 57 161
74 58 161
74 59 161
74 60 161
74 61 161
74 62 161
74 63 161
74 64 161
74 65 161
74 66 161
74 67 161
74 68 161
74 69 161
74 70 161
74 71 161
74 72 161
74 73 161
76 1 161
76 2 161
76 3 161
76 4 161
76 5 161
76 6 161
76 7 161
76 8 161
76 9 161
76 10 161
76 11 161
76 12 161
76 13 161
76 14 161
76 15 161
76 16 161
76 17 161
76 18 161
76 19 161
76 20 161
76 21 161
76 22 161
76 23 161
76 24 161
76 25 161
76 26 161
76 27 161
76 28 161
76 29 161
76 30 161
76 31 161
76 32 161
76 33 161
76 34 161
76 35 161
76 36 161
76 37 161
76 38 161
76 39 161
76 40 161
76 41 161
76 42 161
76 43 161
76 44 161
76 45 161
76 46 161
76 47 161
76 48 161
76 49 161
76 50 161
76 51 161
76 52 161
76 53 161
76 54 161
76 55 161
76 56 161
76 57 161
76 58 161
76 59 161
76 60 161
76 61 161
76 62 161
76 63 161
76 64 161
76 65 161
76 66 161
76 67 161
76 68 161
76 69 161
76 70 161
76 71 161
76 72 161
76 73 161
76 74 161
76 75 161
78 1 161
78 2 161
78 3 161
78 4 161
78 5 161
78 6 161
78 7 161
78 8 161
78 9 161
78 10 161
78 11 161
78 12 161
78 13 161
78 14 161
78 15 161
78 16 161
78 17 161
78 18 161
78 19 161
78 20 161
78 21 161
78 22 161
78 23 161
78 24 161
78 25 161
78 26 161
78 27 161
78 28 161
78 29 161
78 30 161
78 31 161
78 32 161
78 33 161
78 34 161
78 35 161
78 36 161
78 37 161
78 38 161
78 39 161
78 40 161
78 41 161
78 42 161
78 43 161
78 44 161
78 45 161
78 46 161
78 47 161
78 48 161
78 49 161
78 50 161
78 51 161
78 52 161
78 53 161
78 54 161
78 55 161
78 56 161
78 57 161
78 58 161
78 59 161
78 60 161
78 61 161
78 62 161
78 63 161
78 64 161
78 65 161
78 66 161
78 67 161
78 68 161
78 69 161
78 70 161
78 71 161
78 72 161
78 73 161
78 74 161
78 75 161
78 76 161
78 77 161
80 1 161
80 2 161
80 3 161
80 4 161
80 5 161
80 6 161
80 7 161
80 8 161
80 9 161
80 10 161
80 11 161
80 12 161
80 13 161
80 14 161
80 15 161
80 16 161
80 17 161
80 18 161
80 19 161
80 20 161
80 21 161
80 22 161
80 23 161
80 24 161
80 25 161
80 26 161
80 27 161
80 28 161
80 29 161
80 30 161
80 31 161
80 32 161
80 33 161
80 34 161
80 35 161
80 36 161
80 37 161
80 38 161
80 39 161
80 40 161
80 41 161
80 42 161
80 43 161
80 44 161
80 45 161
80 46 161
80 47 161
80 48 161
80 49 161
80 50 161
80 51 161
80 52 161
80 53 161
80 54 161
80 55 161
80 56 161
80 57 161
80 58 161
80 59 161
80 60 161
80 61 161
80 62 161
80 63 161
80 64 161
80 65 161
80 66 161
80 67 161
80 68 161
80 69 161
80 70 161
80 71 161
80 72 161
80 73 161
80 74 161
80 75 161
80 76 161
80 77 161
80 78 161
80 79 161
82 1 161
82 2 161
82 3 161
82 4 161
82 5 161
82 6 161
82 7 161
82 8 161
82 9 161
82 10 161
82 11 161
82 12 161
82 13 161
82 14 161
82 15 161
82 16 161
82 17 161
82 18 161
82 19 161
82 20 161
82 21 161
82 22 161
82 23 161
82 24 161
82 25 161
82 26 161
82 27 161
82 28 161
82 29 161
82 30 161
82 31 161
82 32 161
82 33 161
82 34 161
82 35 161
82 36 161
82 37 161
82 38 161
82 39 161
82 40 161
82 41 161
82 42 161
82 43 161
82 44 161
82 45 161
82 46 161
82 47 161
82 48 161
82 49 161
82 50 161
82 51 161
82 52 161
82 53 161
82 54 161
82 55 161
82 56 161
82 57 161
82 58 161
82 59 161
82 60 161
82 61 161
82 62 161
82 63 161
82 64 161
82 65 161
82 66 161
82 67 161
82 68 161
82 69 161
82 70 161
82 71 161
82 72 161
82 73 161
82 74 161
82 75 161
82 76 161
82 77 161
82 78 161
82 79 161
82 80 161
82 81 161
84 1 161
84 2 161
84 3 161
84 4 161
84 5 161
84 6 161
84 7 161
84 8 161
84 9 161
84 10 161
84 11 161
84 12 161
84 13 161
84 14 161
84 15 161
84 16 161
84 17 161
84 18 161
84 19 161
84 20 161
84 21 161
84 22 161
84 23 161
84 24 161
84 25 161
84 26 161
84 27 161
84 28 161
84 29 161
84 30 161
84 31 161
84 32 161
84 33 161
84 34 161
84 35 161
84 36 161
84 37 161
84 38 161
84 39 161
84 40 161
84 41 161
84 42 161
84 43 161
84 44 161
84 45 161
84 46 161
84 47 161
84 48 161
84 49 161
84 50 161
84 51 161
84 52 161
84 53 161
84 54 161
84 55 161
84 56 161
84 57 161
84 58 161
84 59 161
84 60 161
84 61 161
84 62 161
84 63 161
84 64 161
84 65 161
84 66 161
84 67 161
84 68 161
84 69 161
84 70 161
84 71 161
84 72 161
84 73 161
84 74 161
84 75 161
84 76 161
84 77 161
84 78 161
84 79 161
84 80 161
84 81 161
84 82 161
84 83 161
86 1 161
86 2 161
86 3 161
86 4 161
86 5 161
86 6 161
86 7 161
86 8 161
86 9 161
86 10 161
86 11 161
86 12 161
86 13 161
86 14 161
86 15 161
86 16 161
86 17 161
86 18 161
86 19 161
86 20 161
86 21 161
86 22 161
86 23 161
86 24 161
86 25 161
86 26 161
86 27 161
86 28 161
86 29 161
86 30 161
86 31 161
86 32 161
86 33 161
86 34 161
86 35 161
86 36 161
86 37 161
86 38 161
86 39 161
86 40 161
86 41 161
86 42 161
86 43 161
86 44 161
86 45 161
86 46 161
86 47 161
86 48 161
86 49 161
86 50 161
86 51 161
86 52 161
86 53 161
86 54 161
86 55 161
86 56 161
86 57 161
86 58 161
86 59 161
86 60 161
86 61 161
86 62 161
86 63 161
86 64 161
86 65 161
86 66 161
86 67 161
86 68 161
86 69 161
86 70 161
86 71 161
86 72 161
86 73 161
86 74 161
86 75 161
86 76 161
86 77 161
86 78 161
86 79 161
86 80 161
86 81 161
86 82 161
86 83 161
86 84 161
86 85 161
88 1 161
88 2 161
88 3 161
88 4 161
88 5 161
88 6 161
88 7 161
88 8 161
88 9 161
88 10 161
88 11 161
88 12 161
88 13 161
88 14 161
88 15 161
88 16 161
88 17 161
88 18 161
88 19 161
88 20 161
88 21 161
88 22 161
88 23 161
88 24 161
88 25 161
88 26 161
88 27 161
88 28 161
88 29 161
88 30 161
88 31 161
88 32 161
88 33 161
88 34 161
88 35 161
88 36 161
88 37 161
88 38 161
88 39 161
88 40 161
88 41 161
88 42 161
88 43 161
88 44 161
88 45 161
88 46 161
88 47 161
88 48 161
88 49 161
88 50 161
88 51 161
88 52 161
88 53 161
88 54 161
88 55 161
88 56 161
88 57 161
88 58 161
88 59 161
88 60 161
88 61 161
88 62 161
88 63 161
88 64 161
88 65 161
88 66 161
88 67 161
88 68 161
88 69 161
88 70 161
88 71 161
88 72 161
88 73 161
88 74 161
88 75 161
88 76 161
88 77 161
88 78 161
88 79 161
88 80 161
88 81 161
88 82 161
88 83 161
88 84 161
88 85 161
88 86 161
88 87 161
90 1 161
90 2 161
90 3 161
90 4 161
90 5 161
90 6 161
90 7 161
90 8 161
90 9 161
90 10 161
90 11 161
90 12 161
90 13 161
90 14 161
90 15 161
90 16 161
90 17 161
90 18 161
90 19 161
90 20 161
90 21 161
90 22 161
90 23 161
90 24 161
90 25 161
90 26 161
90 27 161
90 28 161
90 29 161
90 30 161
90 31 161
90 32 161
90 33 161
90 34 161
90 35 161
90 36 161
90 37 161
90 38 161
90 39 161
90 40 161
90 41 161
90 42 161
90 43 161
90 44 161
90 45 161
90 46 161
90 47 161
90 48 161
90 49 161
90 50 161
90 51 161
90 52 161
90 53 161
90 54 161
90 55 161
90 56 161
90 57 161
90 58 161
90 59 161
90 60 161
90 61 161
90 62 161
90 63 161
90 64 161
90 65 161
90 66 161
90 67 161
90 68 161
90 69 161
90 70 161
90 71 161
90 72 161
90 73 161
90 74 161
90 75 161
90 76 161
90 77 161
90 78 161
90 79 161
90 80 161
90 81 161
90 82 161
90 83 161
90 84 161
90 85 161
90 86 161
90 87 161
90 88 161
90 89 161
92 1 161
92 2 161
92 3 161
92 4 161
92 5 161
92 6 161
92 7 161
92 8 161
92 9 161
92 10 161
92 11 161
92 12 161
92 13 161
92 14 161
92 15 161
92 16 161
92 17 161
92 18 161
92 19 161
92 20 161
92 21 161
92 22 161
92 23 161
92 24 161
92 25 161
92 26 161
92 27 161
92 28 161
92 29 161
92 30 161
92 31 161
92 32 161
92 33 161
92 34 161
92 35 161
92 36 161
92 37 161
92 38 161
92 39 161
92 40 161
92 41 161
92 42 161
92 43 161
92 44 161
92 45 161
92 46 161
92 47 161
92 48 161
92 49 161
92 50 161
92 51 161
92 52 161
92 53 161
92 54 161
92 55 161
92 56 161
92 57 161
92 58 161
92 59 161
92 60 161
92 61 161
92 62 161
92 63 161
92 64 161
92 65 161
92 66 161
92 67 161
92 68 161
92 69 161
92 70 161
92 71 161
92 72 161
92 73 161
92 74 161
92 75 161
92 76 161
92 77 161
92 78 161
92 79 161
92 80 161
92 81 161
92 82 161
92 83 161
92 84 161
92 85 161
92 86 161
92 87 161
92 88 161
92 89 161
92 90 161
92 91 161
94 1 161
94 2 161
94 3 161
94 4 161
94 5 161
94 6 161
94 7 161
94 8 161
94 9 161
94 10 161
94 11 161
94 12 161
94 13 161
94 14 161
94 15 161
94 16 161
94 17 161
94 18 161
94 19 161
94 20 161
94 21 161
94 22 161
94 23 161
94 24 161
94 25 161
94 26 161
94 27 161
94 28 161
94 29 161
94 30 161
94 31 161
94 32 161
94 33 161
94 34 161
94 35 161
94 36 161
94 37 161
94 38 161
94 39 161
94 40 161
94 41 161
94 42 161
94 43 161
94 44 161
94 45 161
94 46 161
94 47 161
94 48 161
94 49 161
94 50 161
94 51 161
94 52 161
94 53 161
94 54 161
94 55 161
94 56 161
94 57 161
94 58 161
94 59 161
94 60 161
94 61 161
94 62 161
94 63 161
94 64 161
94 65 161
94 66 161
94 67 161
94 68 161
94 69 161
94 70 161
94 71 161
94 72 161
94 73 161
94 74 161
94 75 161
94 76 161
94 77 161
94 78 161
94 79 161
94 80 161
94 81 161
94 82 161
94 83 161
94 84 161
94 85 161
94 86 161
94 87 161
94 88 161
94 89 161
94 90 161
94 91 161
94 92 161
94 93 161
96 1 161
96 2 161
96 3 161
96 4 161
96 5 161
96 6 161
96 7 161
96 8 161
96 9 161
96 10 161
96 11 161
96 12 161
96 13 161
96 14 161
96 15 161
96 16 161
96 17 161
96 18 161
96 19 161
96 20 161
96 21 161
96 22 161
96 23 161
96 24 161
96 25 161
96 26 161
96 27 161
96 28 161
96 29 161
96 30 161
96 31 161
96 32 161
96 33 161
96 34 161
96 35 161
96 36 161
96 37 161
96 38 161
96 39 161
96 40 161
96 41 161
96 42 161
96 43 161
96 44 161
96 45 161
96 46 161
96 47 161
96 48 161
96 49 161
96 50 161
96 51 161
96 52 161
96 53 161
96 54 161
96 55 161
96 56 161
96 57 161
96 58 161
96 59 161
96 60 161
96 61 161
96 62 161
96 63 161
96 64 161
96 65 161
96 66 161
96 67 161
96 68 161
96 69 161
96 70 161
96 71 161
96 72 161
96 73 161
96 74 161
96 75 161
96 76 161
96 77 161
96 78 161
96 79 161
96 80 161
96 81 161
96 82 161
96 83 161
96 84 161
96 85 161
96 86 161
96 87 161
96 88 161
96 89 161
96 90 161
96 91 161
96 92 161
96 93 161
96 94 161
96 95 161
98 1 161
98 2 161
98 3 161
98 4 161
98 5 161
98 6 161
98 7 161
98 8 161
98 9 161
98 10 161
98 11 161
98 12 161
98 13 161
98 14 161
98 15 161
98 16 161
98 17 161
98 18 161
98 19 161
98 20 161
98 21 161
98 22 161
98 23 161
98 24 161
98 25 161
98 26 161
98 27 161
98 28 161
98 29 161
98 30 161
98 31 161
98 32 161
98 33 161
98 34 161
98 35 161
98 36 161
98 37 161
98 38 161
98 39 161
98 40 161
98 41 161
98 42 161
98 43 161
98 44 161
98 45 161
98 46 161
98 47 161
98 48 161
98 49 161
98 50 161
98 51 161
98 52 161
98 53 161
98 54 161
98 55 161
98 56 161
98 57 161
98 58 161
98 59 161
98 60 161
98 61 161
98 62 161
98 63 161
98 64 161
98 65 161
98 66 161
98 67 161
98 68 161
98 69 161
98 70 161
98 71 161
98 72 161
98 73 161
98 74 161
98 75 161
98 76 161
98 77 161
98 78 161
98 79 161
98 80 161
98 81 161
98 82 161
98 83 161
98 84 161
98 85 161
98 86 161
98 87 161
98 88 161
98 89 161
98 90 161
98 91 161
98 92 161
98 93 161
98 94 161
98 95 161
98 96 161
98 97 161
100 1 161
100 2 161
100 3 161
100 4 161
100 5 161
100 6 161
100 7 161
100 8 161
100 9 161
100 10 161
100 11 161
100 12 161
100 13 161
100 14 161
100 15 161
100 16 161
100 17 161
100 18 161
100 19 161
100 20 161
100 21 161
100 22 161
100 23 161
100 24 161
100 25 161
100 26 161
100 27 161
100 28 161
100 29 161
100 30 161
100 31 161
100 32 161
100 33 161
100 34 161
100 35 161
100 36 161
100 37 161
100 38 161
100 39 161
100 40 161
100 41 161
100 42 161
100 43 161
100 44 161
100 45 161
100 46 161
100 47 161
100 48 161
100 49 161
100 50 161
100 51 161
100 52 161
100 53 161
100 54 161
100 55 161
100 56 161
100 57 161
100 58 161
100 59 161
100 60 161
100 61 161
100 62 161
100 63 161
100 64 161
100 65 161
100 66 161
100 67 161
100 68 161
100 69 161
100 70 161
100 71 161
100 72 161
100 73 161
100 74 161
100 75 161
100 76 161
100 77 161
100 78 161
100 79 161
100 80 161
100 81 161
100 82 161
100 83 161
100 84 161
100 85 161
100 86 161
100 87 161
100 88 161
100 89 161
100 90 161
100 91 161
100 92 161
100 93 161
100 94 161
100 95 161
100 96 161
100 97 161
100 98 161
100 99 161
102 1 161
102 2 161
102 3 161
102 4 161
102 5 161
102 6 161
102 7 161
102 8 161
102 9 161
102 10 161
102 11 161
102 12 161
102 13 161
102 14 161
102 15 161
102 16 161
102 17 161
102 18 161
102 19 161
102 20 161
102 21 161
102 22 161
102 23 161
102 24 161
102 25 161
102 26 161
102 27 161
102 28 161
102 29 161
102 30 161
102 31 161
102 32 161
102 33 161
102 34 161
102 35 161
102 36 161
102 37 161
102 38 161
102 39 161
102 40 161
102 41 161
102 42 161
102 43 161
102 44 161
102 45 161
102 46 161
102 47 161
102 48 161
102 49 161
102 50 161
102 51 161
102 52 161
102 53 161
102 54 161
102 55 161
102 56 161
102 57 161
102 58 161
102 59 161
102 60 161
102 61 161
102 62 161
102 63 161
102 64 161
102 65 161
102 66 161
102 67 161
102 68 161
102 69 161
102 70 161
102 71 161
102 72 161
102 73 161
102 74 161
102 75 161
102 76 161
102 77 161
102 78 161
102 79 161
102 80 161
102 81 161
102 82 161
102 83 161
102 84 161
102 85 161
102 86 161
102 87 161
102 88 161
102 89 161
102 90 161
102 91 161
102 92 161
102 93 161
102 94 161
102 95 161
102 96 161
102 97 161
102 98 161
102 99 161
102 100 161
102 101 161
104 1 161
104 2 161
104 3 161
104 4 161
104 5 161
104 6 161
104 7 161
104 8 161
104 9 161
104 10 161
104 11 161
104 12 161
104 13 161
104 14 161
104 15 161
104 16 161
104 17 161
104 18 161
104 19 161
104 20 161
104 21 161
104 22 161
104 23 161
104 24 161
104 25 161
104 26 161
104 27 161
104 28 161
104 29 161
104 30 161
104 31 161
104 32 161
104 33 161
104 34 161
104 35 161
104 36 161
104 37 161
104 38 161
104 39 161
104 40 161
104 41 161
104 42 161
104 43 161
104 44 161
104 45 161
104 46 161
104 47 161
104 48 161
104 49 161
104 50 161
104 51 161
104 52 161
104 53 161
104 54 161
104 55 161
104 56 161
104 57 161
104 58 161
104 59 161
104 60 161
104 61 161
104 62 161
104 63 161
104 64 161
104 65 161
104 66 161
104 67 161
104 68 161
104 69 161
104 70 161
104 71 161
104 72 161
104 73 161
104 74 161
104 75 161
104 76 161
104 77 161
104 78 161
104 79 161
104 80 161
104 81 161
104 82 161
104 83 161
104 84 161
104 85 161
104 86 161
104 87 161
104 88 161
104 89 161
104 90 161
104 91 161
104 92 161
104 93 161
104 94 161
104 95 161
104 96 161
104 97 161
104 98 161
104 99 161
104 100 161
104 101 161
104 102 161
104 103 161
106 1 161
106 2 161
106 3 161
106 4 161
106 5 161
106 6 161
106 7 161
106 8 161
106 9 161
106 10 161
106 11 161
106 12 161
106 13 161
106 14 161
106 15 161
106 16 161
106 17 161
106 18 161
106 19 161
106 20 161
106 21 161
106 22 161
106 23 161
106 24 161
106 25 161
106 26 161
106 27 161
106 28 161
106 29 161
106 30 161
106 31 161
106 32 161
106 33 161
106 34 161
106 35 161
106 36 161
106 37 161
106 38 161
106 39 161
106 40 161
106 41 161
106 42 161
106 43 161
106 44 161
106 45 161
106 46 161
106 47 161
106 48 161
106 49 161
106 50 161
106 51 161
106 52 161
106 53 161
106 54 161
106 55 161
106 56 161
106 57 161
106 58 161
106 59 161
106 60 161
106 61 161
106 62 161
106 63 161
106 64 161
106 65 161
106 66 161
106 67 161
106 68 161
106 69 161
106 70 161
106 71 161
106 72 161
106 73 161
106 74 161
106 75 161
106 76 161
106 77 161
106 78 161
106 79 161
106 80 161
106 81 161
106 82 161
106 83 161
106 84 161
106 85 161
106 86 161
106 87 161
106 88 161
106 89 161
106 90 161
106 91 161
106 92 161
106 93 161
106 94 161
106 95 161
106 96 161
106 97 161
106 98 161
106 99 161
106 100 161
106 101 161
106 102 161
106 103 161
106 104 161
106 105 161
108 1 161
108 2 161
108 3 161
108 4 161
108 5 161
108 6 161
108 7 161
108 8 161
108 9 161
108 10 161
108 11 161
108 12 161
108 13 161
108 14 161
108 15 161
108 16 161
108 17 161
108 18 161
108 19 161
108 20 161
108 21 161
108 22 161
108 23 161
108 24 161
108 25 161
108 26 161
108 27 161
108 28 161
108 29 161
108 30 161
108 31 161
108 32 161
108 33 161
108 34 161
108 35 161
108 36 161
108 37 161
108 38 161
108 39 161
108 40 161
108 41 161
108 42 161
108 43 161
108 44 161
108 45 161
108 46 161
108 47 161
108 48 161
108 49 161
108 50 161
108 51 161
108 52 161
108 53 161
108 54 161
108 55 161
108 56 161
108 57 161
108 58 161
108 59 161
108 60 161
108 61 161
108 62 161
108 63 161
108 64 161
108 65 161
108 66 161
108 67 161
108 68 161
108 69 161
108 70 161
108 71 161
108 72 161
108 73 161
108 74 161
108 75 161
108 76 161
108 77 161
108 78 161
108 79 161
108 80 161
108 81 161
108 82 161
108 83 161
108 84 161
108 85 161
108 86 161
108 87 161
108 88 161
108 89 161
108 90 161
108 91 161
108 92 161
108 93 161
108 94 161
108 95 161
108 96 161
108 97 161
108 98 161
108 99 161
108 100 161
108 101 161
108 102 161
108 103 161
108 104 161
108 105 161
108 106 161
108 107 161
110 1 161
110 2 161
110 3 161
110 4 161
110 5 161
110 6 161
110 7 161
110 8 161
110 9 161
110 10 161
110 11 161
110 12 161
110 13 161
110 14 161
110 15 161
110 16 161
110 17 161
110 18 161
110 19 161
110 20 161
110 21 161
110 22 161
110 23 161
110 24 161
110 25 161
110 26 161
110 27 161
110 28 161
110 29 161
110 30 161
110 31 161
110 32 161
110 33 161
110 34 161
110 35 161
110 36 161
110 37 161
110 38 161
110 39 161
110 40 161
110 41 161
110 42 161
110 43 161
110 44 161
110 45 161
110 46 161
110 47 161
110 48 161
110 49 161
110 50 161
110 51 161
110 52 161
110 53 161
110 54 161
110 55 161
110 56 161
110 57 161
110 58 161
110 59 161
110 60 161
110 61 161
110 62 161
110 63 161
110 64 161
110 65 161
110 66 161
110 67 161
110 68 161
110 69 161
110 70 161
110 71 161
110 72 161
110 73 161
110 74 161
110 75 161
110 76 161
110 77 161
110 78 161
110 79 161
110 80 161
110 81 161
110 82 161
110 83 161
110 84 161
110 85 161
110 86 161
110 87 161
110 88 161
110 89 161
110 90 161
110 91 161
110 92 161
110 93 161
110 94 161
110 95 161
110 96 161
110 97 161
110 98 161
110 99 161
110 100 161
110 101 161
110 102 161
110 103 161
110 104 161
110 105 161
110 106 161
110 107 161
110 108 161
110 109 161
112 1 161
112 2 161
112 3 161
112 4 161
112 5 161
112 6 161
112 7 161
112 8 161
112 9 161
112 10 161
112 11 161
112 12 161
112 13 161
112 14 161
112 15 161
112 16 161
112 17 161
112 18 161
112 19 161
112 20 161
112 21 161
112 22 161
112 23 161
112 24 161
112 25 161
112 26 161
112 27 161
112 28 161
112 29 161
112 30 161
112 31 161
112 32 161
112 33 161
112 34 161
112 35 161
112 36 161
112 37 161
112 38 161
112 39 161
112 40 161
112 41 161
112 42 161
112 43 161
112 44 161
112 45 161
112 46 161
112 47 161
112 48 161
112 49 161
112 50 161
112 51 161
112 52 161
112 53 161
112 54 161
112 55 161
112 56 161
112 57 161
112 58 161
112 59 161
112 60 161
112 61 161
112 62 161
112 63 161
112 64 161
112 65 161
112 66 161
112 67 161
112 68 161
112 69 161
112 70 161
112 71 161
112 72 161
112 73 161
112 74 161
112 75 161
112 76 161
112 77 161
112 78 161
112 79 161
112 80 161
112 81 161
112 82 161
112 83 161
112 84 161
112 85 161
112 86 161
112 87 161
112 88 161
112 89 161
112 90 161
112 91 161
112 92 161
112 93 161
112 94 161
112 95 161
112 96 161
112 97 161
112 98 161
112 99 161
112 100 161
112 101 161
112 102 161
112 103 161
112 104 161
112 105 161
112 106 161
112 107 161
112 108 161
112 109 161
112 110 161
112 111 161
114 1 161
114 2 161
114 3 161
114 4 161
114 5 161
114 6 161
114 7 161
114 8 161
114 9 161
114 10 161
114 11 161
114 12 161
114 13 161
114 14 161
114 15 161
114 16 161
114 17 161
114 18 161
114 19 161
114 20 161
114 21 161
114 22 161
114 23 161
114 24 161
114 25 161
114 26 161
114 27 161
114 28 161
114 29 161
114 30 161
114 31 161
114 32 161
114 33 161
114 34 161
114 35 161
114 36 161
114 37 161
114 38 161
114 39 161
114 40 161
114 41 161
114 42 161
114 43 161
114 44 161
114 45 161
114 46 161
114 47 161
114 48 161
114 49 161
114 50 161
114 51 161
114 52 161
114 53 161
114 54 161
114 55 161
114 56 161
114 57 161
114 58 161
114 59 161
114 60 161
114 61 161
114 62 161
114 63 161
114 64 161
114 65 161
114 66 161
114 67 161
114 68 161
114 69 161
114 70 161
114 71 161
114 72 161
114 73 161
114 74 161
114 75 161
114 76 161
114 77 161
114 78 161
114 79 161
114 80 161
114 81 161
114 82 161
114 83 161
114 84 161
114 85 161
114 86 161
114 87 161
114 88 161
114 89 161
114 90 161
114 91 161
114 92 161
114 93 161
114 94 161
114 95 161
114 96 161
114 97 161
114 98 161
114 99 161
114 100 161
114 101 161
114 102 161
114 103 161
114 104 161
114 105 161
114 106 161
114 107 161
114 108 161
114 109 161
114 110 161
114 111 161
114 112 161
114 113 161
116 1 161
116 2 161
116 3 161
116 4 161
116 5 161
116 6 161
116 7 161
116 8 161
116 9 161
116 10 161
116 11 161
116 12 161
116 13 161
116 14 161
116 15 161
116 16 161
116 17 161
116 18 161
116 19 161
116 20 161
116 21 161
116 22 161
116 23 161
116 24 161
116 25 161
116 26 161
116 27 161
116 28 161
116 29 161
116 30 161
116 31 161
116 32 161
116 33 161
116 34 161
116 35 161
116 36 161
116 37 161
116 38 161
116 39 161
116 40 161
116 41 161
116 42 161
116 43 161
116 44 161
116 45 161
116 46 161
116 47 161
116 48 161
116 49 161
116 50 161
116 51 161
116 52 161
116 53 161
116 54 161
116 55 161
116 56 161
116 57 161
116 58 161
116 59 161
116 60 161
116 61 161
116 62 161
116 63 161
116 64 161
116 65 161
116 66 161
116 67 161
116 68 161
116 69 161
116 70 161
116 71 161
116 72 161
116 73 161
116 74 161
116 75 161
116 76 161
116 77 161
116 78 161
116 79 161
116 80 161
116 81 161
116 82 161
116 83 161
116 84 161
116 85 161
116 86 161
116 87 161
116 88 161
116 89 161
116 90 161
116 91 161
116 92 161
116 93 161
116 94 161
116 95 161
116 96 161
116 97 161
116 98 161
116 99 161
116 100 161
116 101 161
116 102 161
116 103 161
116 104 161
116 105 161
116 106 161
116 107 161
116 108 161
116 109 161
116 110 161
116 111 161
116 112 161
116 113 161
116 114 161
116 115 161
118 1 161
118 2 161
118 3 161
118 4 161
118 5 161
118 6 161
118 7 161
118 8 161
118 9 161
118 10 161
118 11 161
118 12 161
118 13 161
118 14 161
118 15 161
118 16 161
118 17 161
118 18 161
118 19 161
118 20 161
118 21 161
118 22 161
118 23 161
118 24 161
118 25 161
118 26 161
118 27 161
118 28 161
118 29 161
118 30 161
118 31 161
118 32 161
118 33 161
118 34 161
118 35 161
118 36 161
118 37 161
118 38 161
118 39 161
118 40 161
118 41 161
118 42 161
118 43 161
118 44 161
118 45 161
118 46 161
118 47 161
118 48 161
118 49 161
118 50 161
118 51 161
118 52 161
118 53 161
118 54 161
118 55 161
118 56 161
118 57 161
118 58 161
118 59 161
118 60 161
118 61 161
118 62 161
118 63 161
118 64 161
118 65 161
118 66 161
118 67 161
118 68 161
118 69 161
118 70 161
118 71 161
118 72 161
118 73 161
118 74 161
118 75 161
118 76 161
118 77 161
118 78 161
118 79 161
118 80 161
118 81 161
118 82 161
118 83 161
118 84 161
118 85 161
118 86 161
118 87 161
118 88 161
118 89 161
118 90 161
118 91 161
118 92 161
118 93 161
118 94 161
118 95 161
118 96 161
118 97 161
118 98 161
118 99 161
118 100 161
118 101 161
118 102 161
118 103 161
118 104 161
118 105 161
118 106 161
118 107 161
118 108 161
118 109 161
118 110 161
118 111 161
118 112 161
118 113 161
118 114 161
118 115 161
118 116 161
118 117 161
120 1 161
120 2 161
120 3 161
120 4 161
120 5 161
120 6 161
120 7 161
120 8 161
120 9 161
120 10 161
120 11 161
120 12 161
120 13 161
120 14 161
120 15 161
120 16 161
120 17 161
120 18 161
120 19 161
120 20 161
120 21 161
120 22 161
120 23 161
120 24 161
120 25 161
120 26 161
120 27 161
120 28 161
120 29 161
120 30 161
120 31 161
120 32 161
120 33 161
120 34 161
120 35 161
120 36 161
120 37 161
120 38 161
120 39 161
120 40 161
120 41 161
120 42 161
120 43 161
120 44 161
120 45 161
120 46 161
120 47 161
120 48 161
120 49 161
120 50 161
120 51 161
120 52 161
120 53 161
120 54 161
120 55 161
120 56 161
120 57 161
120 58 161
120 59 161
120 60 161
120 61 161
120 62 161
120 63 161
120 64 161
120 65 161
120 66 161
120 67 161
120 68 161
120 69 161
120 70 161
120 71 161
120 72 161
120 73 161
120 74 161
120 75 161
120 76 161
120 77 161
120 78 161
120 79 161
120 80 161
120 81 161
120 82 161
120 83 161
120 84 161
120 85 161
120 86 161
120 87 161
120 88 161
120 89 161
120 90 161
120 91 161
120 92 161
120 93 161
120 94 161
120 95 161
120 96 161
120 97 161
120 98 161
120 99 161
120 100 161
120 101 161
120 102 161
120 103 161
120 104 161
120 105 161
120 106 161
120 107 161
120 108 161
120 109 161
120 110 161
120 111 161
120 112 161
120 113 161
120 114 161
120 115 161
120 116 161
120 117 161
120 118 161
120 119 161
122 1 161
122 2 161
122 3 161
122 4 161
122 5 161
122 6 161
122 7 161
122 8 161
122 9 161
122 10 161
122 11 161
122 12 161
122 13 161
122 14 161
122 15 161
122 16 161
122 17 161
122 18 161
122 19 161
122 20 161
122 21 161
122 22 161
122 23 161
122 24 161
122 25 161
122 26 161
122 27 161
122 28 161
122 29 161
122 30 161
122 31 161
122 32 161
122 33 161
122 34 161
122 35 161
122 36 161
122 37 161
122 38 161
122 39 161
122 40 161
122 41 161
122 42 161
122 43 161
122 44 161
122 45 161
122 46 161
122 47 161
122 48 161
122 49 161
122 50 161
122 51 161
122 52 161
122 53 161
122 54 161
122 55 161
122 56 161
122 57 161
122 58 161
122 59 161
122 60 161
122 61 161
122 62 161
122 63 161
122 64 161
122 65 161
122 66 161
122 67 161
122 68 161
122 69 161
122 70 161
122 71 161
122 72 161
122 73 161
122 74 161
122 75 161
122 76 161
122 77 161
122 78 161
122 79 161
122 80 161
122 81 161
122 82 161
122 83 161
122 84 161
122 85 161
122 86 161
122 87 161
122 88 161
122 89 161
122 90 161
122 91 161
122 92 161
122 93 161
122 94 161
122 95 161
122 96 161
122 97 161
122 98 161
122 99 161
122 100 161
122 101 161
122 102 161
122 103 161
122 104 161
122 105 161
122 106 161
122 107 161
122 108 161
122 109 161
122 110 161
122 111 161
122 112 161
122 113 161
122 114 161
122 115 161
122 116 161
122 117 161
122 118 161
122 119 161
122 120 161
122 121 161
124 1 161
124 2 161
124 3 161
124 4 161
124 5 161
124 6 161
124 7 161
124 8 161
124 9 161
124 10 161
124 11 161
124 12 161
124 13 161
124 14 161
124 15 161
124 16 161
124 17 161
124 18 161
124 19 161
124 20 161
124 21 161
124 22 161
124 23 161
124 24 161
124 25 161
124 26 161
124 27 161
124 28 161
124 29 161
124 30 161
124 31 161
124 32 161
124 33 161
124 34 161
124 35 161
124 36 161
124 37 161
124 38 161
124 39 161
124 40 161
124 41 161
124 42 161
124 43 161
124 44 161
124 45 161
124 46 161
124 47 161
124 48 161
124 49 161
124 50 161
124 51 161
124 52 161
124 53 161
124 54 161
124 55 161
124 56 161
124 57 161
124 58 161
124 59 161
124 60 161
124 61 161
124 62 161
124 63 161
124 64 161
124 65 161
124 66 161
124 67 161
124 68 161
124 69 161
124 70 161
124 71 161
124 72 161
124 73 161
124 74 161
124 75 161
124 76 161
124 77 161
124 78 161
124 79 161
124 80 161
124 81 161
124 82 161
124 83 161
124 84 161
124 85 161
124 86 161
124 87 161
124 88 161
124 89 161
124 90 161
124 91 161
124 92 161
124 93 161
124 94 161
124 95 161
124 96 161
124 97 161
124 98 161
124 99 161
124 100 161
124 101 161
124 102 161
124 103 161
124 104 161
124 105 161
124 106 161
124 107 161
124 108 161
124 109 161
124 110 161
124 111 161
124 112 161
124 113 161
124 114 161
124 115 161
124 116 161
124 117 161
124 118 161
124 119 161
124 120 161
124 121 161
124 122 161
124 123 161
126 1 161
126 2 161
126 3 161
126 4 161
126 5 161
126 6 161
126 7 161
126 8 161
126 9 161
126 10 161
126 11 161
126 12 161
126 13 161
126 14 161
126 15 161
126 16 161
126 17 161
126 18 161
126 19 161
126 20 161
126 21 161
126 22 161
126 23 161
126 24 161
126 25 161
126 26 161
126 27 161
126 28 161
126 29 161
126 30 161
126 31 161
126 32 161
126 33 161
126 34 161
126 35 161
126 36 161
126 37 161
126 38 161
126 39 161
126 40 161
126 41 161
126 42 161
126 43 161
126 44 161
126 45 161
126 46 161
126 47 161
126 48 161
126 49 161
126 50 161
126 51 161
126 52 161
126 53 161
126 54 161
126 55 161
126 56 161
126 57 161
126 58 161
126 59 161
126 60 161
126 61 161
126 62 161
126 63 161
126 64 161
126 65 161
126 66 161
126 67 161
126 68 161
126 69 161
126 70 161
126 71 161
126 72 161
126 73 161
126 74 161
126 75 161
126 76 161
126 77 161
126 78 161
126 79 161
126 80 161
126 81 161
126 82 161
126 83 161
126 84 161
126 85 161
126 86 161
126 87 161
126 88 161
126 89 161
126 90 161
126 91 161
126 92 161
126 93 161
126 94 161
126 95 161
126 96 161
126 97 161
126 98 161
126 99 161
126 100 161
126 101 161
126 102 161
126 103 161
126 104 161
126 105 161
126 106 161
126 107 161
126 108 161
126 109 161
126 110 161
126 111 161
126 112 161
126 113 161
126 114 161
126 115 161
126 116 161
126 117 161
126 118 161
126 119 161
126 120 161
126 121 161
126 122 161
126 123 161
126 124 161
126 125 161
128 1 161
128 2 161
128 3 161
128 4 161
128 5 161
128 6 161
128 7 161
128 8 161
128 9 161
128 10 161
128 11 161
128 12 161
128 13 161
128 14 161
128 15 161
128 16 161
128 17 161
128 18 161
128 19 161
128 20 161
128 21 161
128 22 161
128 23 161
128 24 161
128 25 161
128 26 161
128 27 161
128 28 161
128 29 161
128 30 161
128 31 161
128 32 161
128 33 161
128 34 161
128 35 161
128 36 161
128 37 161
128 38 161
128 39 161
128 40 161
128 41 161
128 42 161
128 43 161
128 44 161
128 45 161
128 46 161
128 47 161
128 48 161
128 49 161
128 50 161
128 51 161
128 52 161
128 53 161
128 54 161
128 55 161
128 56 161
128 57 161
128 58 161
128 59 161
128 60 161
128 61 161
128 62 161
128 63 161
128 64 161
128 65 161
128 66 161
128 67 161
128 68 161
128 69 161
128 70 161
128 71 161
128 72 161
128 73 161
128 74 161
128 75 161
128 76 161
128 77 161
128 78 161
128 79 161
128 80 161
128 81 161
128 82 161
128 83 161
128 84 161
128 85 161
128 86 161
128 87 161
128 88 161
128 89 161
128 90 161
128 91 161
128 92 161
128 93 161
128 94 161
128 95 161
128 96 161
128 97 161
128 98 161
128 99 161
128 100 161
128 101 161
128 102 161
128 103 161
128 104 161
128 105 161
128 106 161
128 107 161
128 108 161
128 109 161
128 110 161
128 111 161
128 112 161
128 113 161
128 114 161
128 115 161
128 116 161
128 117 161
128 118 161
128 119 161
128 120 161
128 121 161
128 122 161
128 123 161
128 124 161
128 125 161
128 126 161
128 127 161
130 1 161
130 2 161
130 3 161
130 4 161
130 5 161
130 6 161
130 7 161
130 8 161
130 9 161
130 10 161
130 11 161
130 12 161
130 13 161
130 14 161
130 15 161
130 16 161
130 17 161
130 18 161
130 19 161
130 20 161
130 21 161
130 22 161
130 23 161
130 24 161
130 25 161
130 26 161
130 27 161
130 28 161
130 29 161
130 30 161
130 31 161
130 32 161
130 33 161
130 34 161
130 35 161
130 36 161
130 37 161
130 38 161
130 39 161
130 40 161
130 41 161
130 42 161
130 43 161
130 44 161
130 45 161
130 46 161
130 47 161
130 48 161
130 49 161
130 50 161
130 51 161
130 52 161
130 53 161
130 54 161
130 55 161
130 56 161
130 57 161
130 58 161
130 59 161
130 60 161
130 61 161
130 62 161
130 63 161
130 64 161
130 65 161
130 66 161
130 67 161
130 68 161
130 69 161
130 70 161
130 71 161
130 72 161
130 73 161
130 74 161
130 75 161
130 76 161
130 77 161
130 78 161
130 79 161
130 80 161
130 81 161
130 82 161
130 83 161
130 84 161
130 85 161
130 86 161
130 87 161
130 88 161
130 89 161
130 90 161
130 91 161
130 92 161
130 93 161
130 94 161
130 95 161
130 96 161
130 97 161
130 98 161
130 99 161
130 100 161
130 101 161
130 102 161
130 103 161
130 104 161
130 105 161
130 106 161
130 107 161
130 108 161
130 109 161
130 110 161
130 111 161
130 112 161
130 113 161
130 114 161
130 115 161
130 116 161
130 117 161
130 118 161
130 119 161
130 120 161
130 121 161
130 122 161
130 123 161
130 124 161
130 125 161
130 126 161
130 127 161
130 128 161
130 129 161
132 1 161
132 2 161
132 3 161
132 4 161
132 5 161
132 6 161
132 7 161
132 8 161
132 9 161
132 10 161
132 11 161
132 12 161
132 13 161
132 14 161
132 15 161
132 16 161
132 17 161
132 18 161
132 19 161
132 20 161
132 21 161
132 22 161
132 23 161
132 24 161
132 25 161
132 26 161
132 27 161
132 28 161
132 29 161
132 30 161
132 31 161
132 32 161
132 33 161
132 34 161
132 35 161
132 36 161
132 37 161
132 38 161
132 39 161
132 40 161
132 41 161
132 42 161
132 43 161
132 44 161
132 45 161
132 46 161
132 47 161
132 48 161
132 49 161
132 50 161
132 51 161
132 52 161
132 53 161
132 54 161
132 55 161
132 56 161
132 57 161
132 58 161
132 59 161
132 60 161
132 61 161
132 62 161
132 63 161
132 64 161
132 65 161
132 66 161
132 67 161
132 68 161
132 69 161
132 70 161
132 71 161
132 72 161
132 73 161
132 74 161
132 75 161
132 76 161
132 77 161
132 78 161
132 79 161
132 80 161
132 81 161
132 82 161
132 83 161
132 84 161
132 85 161
132 86 161
132 87 161
132 88 161
132 89 161
132 90 161
132 91 161
132 92 161
132 93 161
132 94 161
132 95 161
132 96 161
132 97 161
132 98 161
132 99 161
132 100 161
132 101 161
132 102 161
132 103 161
132 104 161
132 105 161
132 106 161
132 107 161
132 108 161
132 109 161
132 110 161
132 111 161
132 112 161
132 113 161
132 114 161
132 115 161
132 116 161
132 117 161
132 118 161
132 119 161
132 120 161
132 121 161
132 122 161
132 123 161
132 124 161
132 125 161
132 126 161
132 127 161
132 128 161
132 129 161
132 130 161
132 131 161
134 1 161
134 2 161
134 3 161
134 4 161
134 5 161
134 6 161
134 7 161
134 8 161
134 9 161
134 10 161
134 11 161
134 12 161
134 13 161
134 14 161
134 15 161
134 16 161
134 17 161
134 18 161
134 19 161
134 20 161
134 21 161
134 22 161
134 23 161
134 24 161
134 25 161
134 26 161
134 27 161
134 28 161
134 29 161
134 30 161
134 31 161
134 32 161
134 33 161
134 34 161
134 35 161
134 36 161
134 37 161
134 38 161
134 39 161
134 40 161
134 41 161
134 42 161
134 43 161
134 44 161
134 45 161
134 46 161
134 47 161
134 48 161
134 49 161
134 50 161
134 51 161
134 52 161
134 53 161
134 54 161
134 55 161
134 56 161
134 57 161
134 58 161
134 59 161
134 60 161
134 61 161
134 62 161
134 63 161
134 64 161
134 65 161
134 66 161
134 67 161
134 68 161
134 69 161
134 70 161
134 71 161
134 72 161
134 73 161
134 74 161
134 75 161
134 76 161
134 77 161
134 78 161
134 79 161
134 80 161
134 81 161
134 82 161
134 83 161
134 84 161
134 85 161
134 86 161
134 87 161
134 88 161
134 89 161
134 90 161
134 91 161
134 92 161
134 93 161
134 94 161
134 95 161
134 96 161
134 97 161
134 98 161
134 99 161
134 100 161
134 101 161
134 102 161
134 103 161
134 104 161
134 105 161
134 106 161
134 107 161
134 108 161
134 109 161
134 110 161
134 111 161
134 112 161
134 113 161
134 114 161
134 115 161
134 116 161
134 117 161
134 118 161
134 119 161
134 120 161
134 121 161
134 122 161
134 123 161
134 124 161
134 125 161
134 126 161
134 127 161
134 128 161
134 129 161
134 130 161
134 131 161
134 132 161
134 133 161
136 1 161
136 2 161
136 3 161
136 4 161
136 5 161
136 6 161
136 7 161
136 8 161
136 9 161
136 10 161
136 11 161
136 12 161
136 13 161
136 14 161
136 15 161
136 16 161
136 17 161
136 18 161
136 19 161
136 20 161
136 21 161
136 22 161
136 23 161
136 24 161
136 25 161
136 26 161
136 27 161
136 28 161
136 29 161
136 30 161
136 31 161
136 32 161
136 33 161
136 34 161
136 35 161
136 36 161
136 37 161
136 38 161
136 39 161
136 40 161
136 41 161
136 42 161
136 43 161
136 44 161
136 45 161
136 46 161
136 47 161
136 48 161
136 49 161
136 50 161
136 51 161
136 52 161
136 53 161
136 54 161
136 55 161
136 56 161
136 57 161
136 58 161
136 59 161
136 60 161
136 61 161
136 62 161
136 63 161
136 64 161
136 65 161
136 66 161
136 67 161
136 68 161
136 69 161
136 70 161
136 71 161
136 72 161
136 73 161
136 74 161
136 75 161
136 76 161
136 77 161
136 78 161
136 79 161
136 80 161
136 81 161
136 82 161
136 83 161
136 84 161
136 85 161
136 86 161
136 87 161
136 88 161
136 89 161
136 90 161
136 91 161
136 92 161
136 93 161
136 94 161
136 95 161
136 96 161
136 97 161
136 98 161
136 99 161
136 100 161
136 101 161
136 102 161
136 103 161
136 104 161
136 105 161
136 106 161
136 107 161
136 108 161
136 109 161
136 110 161
136 111 161
136 112 161
136 113 161
136 114 161
136 115 161
136 116 161
136 117 161
136 118 161
136 119 161
136 120 161
136 121 161
136 122 161
136 123 161
136 124 161
136 125 161
136 126 161
136 127 161
136 128 161
136 129 161
136 130 161
136 131 161
136 132 161
136 133 161
136 134 161
136 135 161
138 1 161
138 2 161
138 3 161
138 4 161
138 5 161
138 6 161
138 7 161
138 8 161
138 9 161
138 10 161
138 11 161
138 12 161
138 13 161
138 14 161
138 15 161
138 16 161
138 17 161
138 18 161
138 19 161
138 20 161
138 21 161
138 22 161
138 23 161
138 24 161
138 25 161
138 26 161
138 27 161
138 28 161
138 29 161
138 30 161
138 31 161
138 32 161
138 33 161
138 34 161
138 35 161
138 36 161
138 37 161
138 38 161
138 39 161
138 40 161
138 41 161
138 42 161
138 43 161
138 44 161
138 45 161
138 46 161
138 47 161
138 48 161
138 49 161
138 50 161
138 51 161
138 52 161
138 53 161
138 54 161
138 55 161
138 56 161
138 57 161
138 58 161
138 59 161
138 60 161
138 61 161
138 62 161
138 63 161
138 64 161
138 65 161
138 66 161
138 67 161
138 68 161
138 69 161
138 70 161
138 71 161
138 72 161
138 73 161
138 74 161
138 75 161
138 76 161
138 77 161
138 78 161
138 79 161
138 80 161
138 81 161
138 82 161
138 83 161
138 84 161
138 85 161
138 86 161
138 87 161
138 88 161
138 89 161
138 90 161
138 91 161
138 92 161
138 93 161
138 94 161
138 95 161
138 96 161
138 97 161
138 98 161
138 99 161
138 100 161
138 101 161
138 102 161
138 103 161
138 104 161
138 105 161
138 106 161
138 107 161
138 108 161
138 109 161
138 110 161
138 111 161
138 112 161
138 113 161
138 114 161
138 115 161
138 116 161
138 117 161
138 118 161
138 119 161
138 120 161
138 121 161
138 122 161
138 123 161
138 124 161
138 125 161
138 126 161
138 127 161
138 128 161
138 129 161
138 130 161
138 131 161
138 132 161
138 133 161
138 134 161
138 135 161
138 136 161
138 137 161
140 1 161
140 2 161
140 3 161
140 4 161
140 5 161
140 6 161
140 7 161
140 8 161
140 9 161
140 10 161
140 11 161
140 12 161
140 13 161
140 14 161
140 15 161
140 16 161
140 17 161
140 18 161
140 19 161
140 20 161
140 21 161
140 22 161
140 23 161
140 24 161
140 25 161
140 26 161
140 27 161
140 28 161
140 29 161
140 30 161
140 31 161
140 32 161
140 33 161
140 34 161
140 35 161
140 36 161
140 37 161
140 38 161
140 39 161
140 40 161
140 41 161
140 42 161
140 43 161
140 44 161
140 45 161
140 46 161
140 47 161
140 48 161
140 49 161
140 50 161
140 51 161
140 52 161
140 53 161
140 54 161
140 55 161
140 56 161
140 57 161
140 58 161
140 59 161
140 60 161
140 61 161
140 62 161
140 63 161
140 64 161
140 65 161
140 66 161
140 67 161
140 68 161
140 69 161
140 70 161
140 71 161
140 72 161
140 73 161
140 74 161
140 75 161
140 76 161
140 77 161
140 78 161
140 79 161
140 80 161
140 81 161
140 82 161
140 83 161
140 84 161
140 85 161
140 86 161
140 87 161
140 88 161
140 89 161
140 90 161
140 91 161
140 92 161
140 93 161
140 94 161
140 95 161
140 96 161
140 97 161
140 98 161
140 99 161
140 100 161
140 101 161
140 102 161
140 103 161
140 104 161
140 105 161
140 106 161
140 107 161
140 108 161
140 109 161
140 110 161
140 111 161
140 112 161
140 113 161
140 114 161
140 115 161
140 116 161
140 117 161
140 118 161
140 119 161
140 120 161
140 121 161
140 122 161
140 123 161
140 124 161
140 125 161
140 126 161
140 127 161
140 128 161
140 129 161
140 130 161
140 131 161
140 132 161
140 133 161
140 134 161
140 135 161
140 136 161
140 137 161
140 138 161
140 139 161
142 1 161
142 2 161
142 3 161
142 4 161
142 5 161
142 6 161
142 7 161
142 8 161
142 9 161
142 10 161
142 11 161
142 12 161
142 13 161
142 14 161
142 15 161
142 16 161
142 17 161
142 18 161
142 19 161
142 20 161
142 21 161
142 22 161
142 23 161
142 24 161
142 25 161
142 26 161
142 27 161
142 28 161
142 29 161
142 30 161
142 31 161
142 32 161
142 33 161
142 34 161
142 35 161
142 36 161
142 37 161
142 38 161
142 39 161
142 40 161
142 41 161
142 42 161
142 43 161
142 44 161
142 45 161
142 46 161
142 47 161
142 48 161
142 49 161
142 50 161
142 51 161
142 52 161
142 53 161
142 54 161
142 55 161
142 56 161
142 57 161
142 58 161
142 59 161
142 60 161
142 61 161
142 62 161
142 63 161
142 64 161
142 65 161
142 66 161
142 67 161
142 68 161
142 69 161
142 70 161
142 71 161
142 72 161
142 73 161
142 74 161
142 75 161
142 76 161
142 77 161
142 78 161
142 79 161
142 80 161
142 81 161
142 82 161
142 83 161
142 84 161
142 85 161
142 86 161
142 87 161
142 88 161
142 89 161
142 90 161
142 91 161
142 92 161
142 93 161
142 94 161
142 95 161
142 96 161
142 97 161
142 98 161
142 99 161
142 100 161
142 101 161
142 102 161
142 103 161
142 104 161
142 105 161
142 106 161
142 107 161
142 108 161
142 109 161
142 110 161
142 111 161
142 112 161
142 113 161
142 114 161
142 115 161
142 116 161
142 117 161
142 118 161
142 119 161
142 120 161
142 121 161
142 122 161
142 123 161
142 124 161
142 125 161
142 126 161
142 127 161
142 128 161
142 129 161
142 130 161
142 131 161
142 132 161
142 133 161
142 134 161
142 135 161
142 136 161
142 137 161
142 138 161
142 139 161
142 140 161
142 141 161
144 1 161
144 2 161
144 3 161
144 4 161
144 5 161
144 6 161
144 7 161
144 8 161
144 9 161
144 10 161
144 11 161
144 12 161
144 13 161
144 14 161
144 15 161
144 16 161
144 17 161
144 18 161
144 19 161
144 20 161
144 21 161
144 22 161
144 23 161
144 24 161
144 25 161
144 26 161
144 27 161
144 28 161
144 29 161
144 30 161
144 31 161
144 32 161
144 33 161
144 34 161
144 35 161
144 36 161
144 37 161
144 38 161
144 39 161
144 40 161
144 41 161
144 42 161
144 43 161
144 44 161
144 45 161
144 46 161
144 47 161
144 48 161
144 49 161
144 50 161
144 51 161
144 52 161
144 53 161
144 54 161
144 55 161
144 56 161
144 57 161
144 58 161
144 59 161
144 60 161
144 61 161
144 62 161
144 63 161
144 64 161
144 65 161
144 66 161
144 67 161
144 68 161
144 69 161
144 70 161
144 71 161
144 72 161
144 73 161
144 74 161
144 75 161
144 76 161
144 77 161
144 78 161
144 79 161
144 80 161
144 81 161
144 82 161
144 83 161
144 84 161
144 85 161
144 86 161
144 87 161
144 88 161
144 89 161
144 90 161
144 91 161
144 92 161
144 93 161
144 94 161
144 95 161
144 96 161
144 97 161
144 98 161
144 99 161
144 100 161
144 101 161
144 102 161
144 103 161
144 104 161
144 105 161
144 106 161
144 107 161
144 108 161
144 109 161
144 110 161
144 111 161
144 112 161
144 113 161
144 114 161
144 115 161
144 116 161
144 117 161
144 118 161
144 119 161
144 120 161
144 121 161
144 122 161
144 123 161
144 124 161
144 125 161
144 126 161
144 127 161
144 128 161
144 129 161
144 130 161
144 131 161
144 132 161
144 133 161
144 134 161
144 135 161
144 136 161
144 137 161
144 138 161
144 139 161
144 140 161
144 141 161
144 142 161
144 143 161
146 1 161
146 2 161
146 3 161
146 4 161
146 5 161
146 6 161
146 7 161
146 8 161
146 9 161
146 10 161
146 11 161
146 12 161
146 13 161
146 14 161
146 15 161
146 16 161
146 17 161
146 18 161
146 19 161
146 20 161
146 21 161
146 22 161
146 23 161
146 24 161
146 25 161
146 26 161
146 27 161
146 28 161
146 29 161
146 30 161
146 31 161
146 32 161
146 33 161
146 34 161
146 35 161
146 36 161
146 37 161
146 38 161
146 39 161
146 40 161
146 41 161
146 42 161
146 43 161
146 44 161
146 45 161
146 46 161
146 47 161
146 48 161
146 49 161
146 50 161
146 51 161
146 52 161
146 53 161
146 54 161
146 55 161
146 56 161
146 57 161
146 58 161
146 59 161
146 60 161
146 61 161
146 62 161
146 63 161
146 64 161
146 65 161
146 66 161
146 67 161
146 68 161
146 69 161
146 70 161
146 71 161
146 72 161
146 73 161
146 74 161
146 75 161
146 76 161
146 77 161
146 78 161
146 79 161
146 80 161
146 81 161
146 82 161
146 83 161
146 84 161
146 85 161
146 86 161
146 87 161
146 88 161
146 89 161
146 90 161
146 91 161
146 92 161
146 93 161
146 94 161
146 95 161
146 96 161
146 97 161
146 98 161
146 99 161
146 100 161
146 101 161
146 102 161
146 103 161
146 104 161
146 105 161
146 106 161
146 107 161
146 108 161
146 109 161
146 110 161
146 111 161
146 112 161
146 113 161
146 114 161
146 115 161
146 116 161
146 117 161
146 118 161
146 119 161
146 120 161
146 121 161
146 122 161
146 123 161
146 124 161
146 125 161
146 126 161
146 127 161
146 128 161
146 129 161
146 130 161
146 131 161
146 132 161
146 133 161
146 134 161
146 135 161
146 136 161
146 137 161
146 138 161
146 139 161
146 140 161
146 141 161
146 142 161
146 143 161
146 144 161
146 145 161
148 1 161
148 2 161
148 3 161
148 4 161
148 5 161
148 6 161
148 7 161
148 8 161
148 9 161
148 10 161
148 11 161
148 12 161
148 13 161
148 14 161
148 15 161
148 16 161
148 17 161
148 18 161
148 19 161
148 20 161
148 21 161
148 22 161
148 23 161
148 24 161
148 25 161
148 26 161
148 27 161
148 28 161
148 29 161
148 30 161
148 31 161
148 32 161
148 33 161
148 34 161
148 35 161
148 36 161
148 37 161
148 38 161
148 39 161
148 40 161
148 41 161
148 42 161
148 43 161
148 44 161
148 45 161
148 46 161
148 47 161
148 48 161
148 49 161
148 50 161
148 51 161
148 52 161
148 53 161
148 54 161
148 55 161
148 56 161
148 57 161
148 58 161
148 59 161
148 60 161
148 61 161
148 62 161
148 63 161
148 64 161
148 65 161
148 66 161
148 67 161
148 68 161
148 69 161
148 70 161
148 71 161
148 72 161
148 73 161
148 74 161
148 75 161
148 76 161
148 77 161
148 78 161
148 79 161
148 80 161
148 81 161
148 82 161
148 83 161
148 84 161
148 85 161
148 86 161
148 87 161
148 88 161
148 89 161
148 90 161
148 91 161
148 92 161
148 93 161
148 94 161
148 95 161
148 96 161
148 97 161
148 98 161
148 99 161
148 100 161
148 101 161
148 102 161
148 103 161
148 104 161
148 105 161
148 106 161
148 107 161
148 108 161
148 109 161
148 110 161
148 111 161
148 112 161
148 113 161
148 114 161
148 115 161
148 116 161
148 117 161
148 118 161
148 119 161
148 120 161
148 121 161
148 122 161
148 123 161
148 124 161
148 125 161
148 126 161
148 127 161
148 128 161
148 129 161
148 130 161
148 131 161
148 132 161
148 133 161
148 134 161
148 135 161
148 136 161
148 137 161
148 138 161
148 139 161
148 140 161
148 141 161
148 142 161
148 143 161
148 144 161
148 145 161
148 146 161
148 147 161
150 1 161
150 2 161
150 3 161
150 4 161
150 5 161
150 6 161
150 7 161
150 8 161
150 9 161
150 10 161
150 11 161
150 12 161
150 13 161
150 14 161
150 15 161
150 16 161
150 17 161
150 18 161
150 19 161
150 20 161
150 21 161
150 22 161
150 23 161
150 24 161
150 25 161
150 26 161
150 27 161
150 28 161
150 29 161
150 30 161
150 31 161
150 32 161
150 33 161
150 34 161
150 35 161
150 36 161
150 37 161
150 38 161
150 39 161
150 40 161
150 41 161
150 42 161
150 43 161
150 44 161
150 45 161
150 46 161
150 47 161
150 48 161
150 49 161
150 50 161
150 51 161
150 52 161
150 53 161
150 54 161
150 55 161
150 56 161
150 57 161
150 58 161
150 59 161
150 60 161
150 61 161
150 62 161
150 63 161
150 64 161
150 65 161
150 66 161
150 67 161
150 68 161
150 69 161
150 70 161
150 71 161
150 72 161
150 73 161
150 74 161
150 75 161
150 76 161
150 77 161
150 78 161
150 79 161
150 80 161
150 81 161
150 82 161
150 83 161
150 84 161
150 85 161
150 86 161
150 87 161
150 88 161
150 89 161
150 90 161
150 91 161
150 92 161
150 93 161
150 94 161
150 95 161
150 96 161
150 97 161
150 98 161
150 99 161
150 100 161
150 101 161
150 102 161
150 103 161
150 104 161
150 105 161
150 106 161
150 107 161
150 108 161
150 109 161
150 110 161
150 111 161
150 112 161
150 113 161
150 114 161
150 115 161
150 116 161
150 117 161
150 118 161
150 119 161
150 120 161
150 121 161
150 122 161
150 123 161
150 124 161
150 125 161
150 126 161
150 127 161
150 128 161
150 129 161
150 130 161
150 131 161
150 132 161
150 133 161
150 134 161
150 135 161
150 136 161
150 137 161
150 138 161
150 139 161
150 140 161
150 141 161
150 142 161
150 143 161
150 144 161
150 145 161
150 146 161
150 147 161
150 148 161
150 149 161
152 1 161
152 2 161
152 3 161
152 4 161
152 5 161
152 6 161
152 7 161
152 8 161
152 9 161
152 10 161
152 11 161
152 12 161
152 13 161
152 14 161
152 15 161
152 16 161
152 17 161
152 18 161
152 19 161
152 20 161
152 21 161
152 22 161
152 23 161
152 24 161
152 25 161
152 26 161
152 27 161
152 28 161
152 29 161
152 30 161
152 31 161
152 32 161
152 33 161
152 34 161
152 35 161
152 36 161
152 37 161
152 38 161
152 39 161
152 40 161
152 41 161
152 42 161
152 43 161
152 44 161
152 45 161
152 46 161
152 47 161
152 48 161
152 49 161
152 50 161
152 51 161
152 52 161
152 53 161
152 54 161
152 55 161
152 56 161
152 57 161
152 58 161
152 59 161
152 60 161
152 61 161
152 62 161
152 63 161
152 64 161
152 65 161
152 66 161
152 67 161
152 68 161
152 69 161
152 70 161
152 71 161
152 72 161
152 73 161
152 74 161
152 75 161
152 76 161
152 77 161
152 78 161
152 79 161
152 80 161
152 81 161
152 82 161
152 83 161
152 84 161
152 85 161
152 86 161
152 87 161
152 88 161
152 89 161
152 90 161
152 91 161
152 92 161
152 93 161
152 94 161
152 95 161
152 96 161
152 97 161
152 98 161
152 99 161
152 100 161
152 101 161
152 102 161
152 103 161
152 104 161
152 105 161
152 106 161
152 107 161
152 108 161
152 109 161
152 110 161
152 111 161
152 112 161
152 113 161
152 114 161
152 115 161
152 116 161
152 117 161
152 118 161
152 119 161
152 120 161
152 121 161
152 122 161
152 123 161
152 124 161
152 125 161
152 126 161
152 127 161
152 128 161
152 129 161
152 130 161
152 131 161
152 132 161
152 133 161
152 134 161
152 135 161
152 136 161
152 137 161
152 138 161
152 139 161
152 140 161
152 141 161
152 142 161
152 143 161
152 144 161
152 145 161
152 146 161
152 147 161
152 148 161
152 149 161
152 150 161
152 151 161
154 1 161
154 2 161
154 3 161
154 4 161
154 5 161
154 6 161
154 7 161
154 8 161
154 9 161
154 10 161
154 11 161
154 12 161
154 13 161
154 14 161
154 15 161
154 16 161
154 17 161
154 18 161
154 19 161
154 20 161
154 21 161
154 22 161
154 23 161
154 24 161
154 25 161
154 26 161
154 27 161
154 28 161
154 29 161
154 30 161
154 31 161
154 32 161
154 33 161
154 34 161
154 35 161
154 36 161
154 37 161
154 38 161
154 39 161
154 40 161
154 41 161
154 42 161
154 43 161
154 44 161
154 45 161
154 46 161
154 47 161
154 48 161
154 49 161
154 50 161
154 51 161
154 52 161
154 53 161
154 54 161
154 55 161
154 56 161
154 57 161
154 58 161
154 59 161
154 60 161
154 61 161
154 62 161
154 63 161
154 64 161
154 65 161
154 66 161
154 67 161
154 68 161
154 69 161
154 70 161
154 71 161
154 72 161
154 73 161
154 74 161
154 75 161
154 76 161
154 77 161
154 78 161
154 79 161
154 80 161
154 81 161
154 82 161
154 83 161
154 84 161
154 85 161
154 86 161
154 87 161
154 88 161
154 89 161
154 90 161
154 91 161
154 92 161
154 93 161
154 94 161
154 95 161
154 96 161
154 97 161
154 98 161
154 99 161
154 100 161
154 101 161
154 102 161
154 103 161
154 104 161
154 105 161
154 106 161
154 107 161
154 108 161
154 109 161
154 110 161
154 111 161
154 112 161
154 113 161
154 114 161
154 115 161
154 116 161
154 117 161
154 118 161
154 119 161
154 120 161
154 121 161
154 122 161
154 123 161
154 124 161
154 125 161
154 126 161
154 127 161
154 128 161
154 129 161
154 130 161
154 131 161
154 132 161
154 133 161
154 134 161
154 135 161
154 136 161
154 137 161
154 138 161
154 139 161
154 140 161
154 141 161
154 142 161
154 143 161
154 144 161
154 145 161
154 146 161
154 147 161
154 148 161
154 149 161
154 150 161
154 151 161
154 152 161
154 153 161
156 1 161
156 2 161
156 3 161
156 4 161
156 5 161
156 6 161
156 7 161
156 8 161
156 9 161
156 10 161
156 11 161
156 12 161
156 13 161
156 14 161
156 15 161
156 16 161
156 17 161
156 18 161
156 19 161
156 20 161
156 21 161
156 22 161
156 23 161
156 24 161
156 25 161
156 26 161
156 27 161
156 28 161
156 29 161
156 30 161
156 31 161
156 32 161
156 33 161
156 34 161
156 35 161
156 36 161
156 37 161
156 38 161
156 39 161
156 40 161
156 41 161
156 42 161
156 43 161
156 44 161
156 45 161
156 46 161
156 47 161
156 48 161
156 49 161
156 50 161
156 51 161
156 52 161
156 53 161
156 54 161
156 55 161
156 56 161
156 57 161
156 58 161
156 59 161
156 60 161
156 61 161
156 62 161
156 63 161
156 64 161
156 65 161
156 66 161
156 67 161
156 68 161
156 69 161
156 70 161
156 71 161
156 72 161
156 73 161
156 74 161
156 75 161
156 76 161
156 77 161
156 78 161
156 79 161
156 80 161
156 81 161
156 82 161
156 83 161
156 84 161
156 85 161
156 86 161
156 87 161
156 88 161
156 89 161
156 90 161
156 91 161
156 92 161
156 93 161
156 94 161
156 95 161
156 96 161
156 97 161
156 98 161
156 99 161
156 100 161
156 101 161
156 102 161
156 103 161
156 104 161
156 105 161
156 106 161
156 107 161
156 108 161
156 109 161
156 110 161
156 111 161
156 112 161
156 113 161
156 114 161
156 115 161
156 116 161
156 117 161
156 118 161
156 119 161
156 120 161
156 121 161
156 122 161
156 123 161
156 124 161
156 125 161
156 126 161
156 127 161
156 128 161
156 129 161
156 130 161
156 131 161
156 132 161
156 133 161
156 134 161
156 135 161
156 136 161
156 137 161
156 138 161
156 139 161
156 140 161
156 141 161
156 142 161
156 143 161
156 144 161
156 145 161
156 146 161
156 147 161
156 148 161
156 149 161
156 150 161
156 151 161
156 152 161
156 153 161
156 154 161
156 155 161
158 1 161
158 2 161
158 3 161
158 4 161
158 5 161
158 6 161
158 7 161
158 8 161
158 9 161
158 10 161
158 11 161
158 12 161
158 13 161
158 14 161
158 15 161
158 16 161
158 17 161
158 18 161
158 19 161
158 20 161
158 21 161
158 22 161
158 23 161
158 24 161
158 25 161
158 26 161
158 27 161
158 28 161
158 29 161
158 30 161
158 31 161
158 32 161
158 33 161
158 34 161
158 35 161
158 36 161
158 37 161
158 38 161
158 39 161
158 40 161
158 41 161
158 42 161
158 43 161
158 44 161
158 45 161
158 46 161
158 47 161
158 48 161
158 49 161
158 50 161
158 51 161
158 52 161
158 53 161
158 54 161
158 55 161
158 56 161
158 57 161
158 58 161
158 59 161
158 60 161
158 61 161
158 62 161
158 63 161
158 64 161
158 65 161
158 66 161
158 67 161
158 68 161
158 69 161
158 70 161
158 71 161
158 72 161
158 73 161
158 74 161
158 75 161
158 76 161
158 77 161
158 78 161
158 79 161
158 80 161
158 81 161
158 82 161
158 83 161
158 84 161
158 85 161
158 86 161
158 87 161
158 88 161
158 89 161
158 90 161
158 91 161
158 92 161
158 93 161
158 94 161
158 95 161
158 96 161
158 97 161
158 98 161
158 99 161
158 100 161
158 101 161
158 102 161
158 103 161
158 104 161
158 105 161
158 106 161
158 107 161
158 108 161
158 109 161
158 110 161
158 111 161
158 112 161
158 113 161
158 114 161
158 115 161
158 116 161
158 117 161
158 118 161
158 119 161
158 120 161
158 121 161
158 122 161
158 123 161
158 124 161
158 125 161
158 126 161
158 127 161
158 128 161
158 129 161
158 130 161
158 131 161
158 132 161
158 133 161
158 134 161
158 135 161
158 136 161
158 137 161
158 138 161
158 139 161
158 140 161
158 141 161
158 142 161
158 143 161
158 144 161
158 145 161
158 146 161
158 147 161
158 148 161
158 149 161
158 150 161
158 151 161
158 152 161
158 153 161
158 154 161
158 155 161
158 156 161
158 157 161
160 1 161
160 2 161
160 3 161
160 4 161
160 5 161
160 6 161
160 7 161
160 8 161
160 9 161
160 10 161
160 11 161
160 12 161
160 13 161
160 14 161
160 15 161
160 16 161
160 17 161
160 18 161
160 19 161
160 20 161
160 21 161
160 22 161
160 23 161
160 24 161
160 25 161
160 26 161
160 27 161
160 28 161
160 29 161
160 30 161
160 31 161
160 32 161
160 33 161
160 34 161
160 35 161
160 36 161
160 37 161
160 38 161
160 39 161
160 40 161
160 41 161
160 42 161
160 43 161
160 44 161
160 45 161
160 46 161
160 47 161
160 48 161
160 49 161
160 50 161
160 51 161
160 52 161
160 53 161
160 54 161
160 55 161
160 56 161
160 57 161
160 58 161
160 59 161
160 60 161
160 61 161
160 62 161
160 63 161
160 64 161
160 65 161
160 66 161
160 67 161
160 68 161
160 69 161
160 70 161
160 71 161
160 72 161
160 73 161
160 74 161
160 75 161
160 76 161
160 77 161
160 78 161
160 79 161
160 80 161
160 81 161
160 82 161
160 83 161
160 84 161
160 85 161
160 86 161
160 87 161
160 88 161
160 89 161
160 90 161
160 91 161
160 92 161
160 93 161
160 94 161
160 95 161
160 96 161
160 97 161
160 98 161
160 99 161
160 100 161
160 101 161
160 102 161
160 103 161
160 104 161
160 105 161
160 106 161
160 107 161
160 108 161
160 109 161
160 110 161
160 111 161
160 112 161
160 113 161
160 114 161
160 115 161
160 116 161
160 117 161
160 118 161
160 119 161
160 120 161
160 121 161
160 122 161
160 123 161
160 124 161
160 125 161
160 126 161
160 127 161
160 128 161
160 129 161
160 130 161
160 131 161
160 132 161
160 133 161
160 134 161
160 135 161
160 136 161
160 137 161
160 138 161
160 139 161
160 140 161
160 141 161
160 142 161
160 143 161
160 144 161
160 145 161
160 146 161
160 147 161
160 148 161
160 149 161
160 150 161
160 151 161
160 152 161
160 153 161
160 154 161
160 155 161
160 156 161
160 157 161
160 158 161
160 159 161
1 2 3 4 5 6 7 8 9 10 11 12 13 14 15 16 17 18 19 20 21 22 23 24 25 26 27 28 29 30 31 32 33 34 35 36 37 38 39 40 41 42 43 44 45 46 47 48 49 50 51 52 53 54 55 56 57 58 59 60 61 62 63 64 65 66 67 68 69 70 71 72 73 74 75 76 77 78 79 80 81 82 83 84 85 86 87 88 89 90 91 92 93 94 95 96 97 98 99 100 101 102 103 104 105 106 107 108 109 110 111 112 113 114 115 116 117 118 119 120 121 122 123 124 125 126 127 128 129 130 131 132 133 134 135 136 137 138 139 140 141 142 143 144 145 146 147 148 149 150 151 152 153 154 155 156 157 158 159 162
1 2 3 4 5 6 7 8 9 10 11 12 13 14 15 16 17 18 19 20 21 22 23 24 25 26 27 28 29 30 31 32 33 34 35 36 37 38 39 40 41 42 43 44 45 46 47 48 49 50 51 52 53 54 55 56 57 58 59 60 61 62 63 64 65 66 67 68 69 70 71 72 73 74 75 76 77 78 79 80 81 82 83 84 85 86 87 88 89 90 91 92 93 94 95 96 97 98 99 100 101 102 103 104 105 106 107 108 109 110 111 112 113 114 115 116 117 118 119 120 121 122 123 124 125 126 127 128 129 130 131 132 133 134 135 136 137 138 139 140 141 142 143 144 145 146 147 148 149 150 151 152 153 154 155 156 157 160 162
1 2 3 4 5 6 7 8 9 10 11 12 13 14 15 16 17 18 19 20 21 22 23 24 25 26 27 28 29 30 31 32 33 34 35 36 37 38 39 40 41 42 43 44 45 46 47 48 49 50 51 52 53 54 55 56 57 58 59 60 61 62 63 64 65 66 67 68 69 70 71 72 73 74 75 76 77 78 79 80 81 82 83 84 85 86 87 88 89 90 91 92 93 94 95 96 97 98 99 100 101 102 103 104 105 106 107 108 109 110 111 112 113 114 115 116 117 118 119 120 121 122 123 124 125 126 127 128 129 130 131 132 133 134 135 136 137 138 139 140 141 142 143 144 145 146 147 148 149 150 151 152 153 154 155 158 160 162
1 2 3 4 5 6 7 8 9 10 11 12 13 14 15 16 17 18 19 20 21 22 23 24 25 26 27 28 29 30 31 32 33 34 35 36 37 38 39 40 41 42 43 44 45 46 47 48 49 50 51 52 53 54 55 56 57 58 59 60 61 62 63 64 65 66 67 68 69 70 71 72 73 74 75 76 77 78 79 80 81 82 83 84 85 86 87 88 89 90 91 92 93 94 95 96 97 98 99 100 101 102 103 104 105 106 107 108 109 110 111 112 113 114 115 116 117 118 119 120 121 122 123 124 125 126 127 128 129 130 131 132 133 134 135 136 137 138 139 140 141 142 143 144 145 146 147 148 149 150 151 152 153 156 158 160 162
1 2 3 4 5 6 7 8 9 10 11 12 13 14 15 16 17 18 19 20 21 22 23 24 25 26 27 28 29 30 31 32 33 34 35 36 37 38 39 40 41 42 43 44 45 46 47 48 49 50 51 52 53 54 55 56 57 58 59 60 61 62 63 64 65 66 67 68 69 70 71 72 73 74 75 76 77 78 79 80 81 82 83 84 85 86 87 88 89 90 91 92 93 94 95 96 97 98 99 100 101 102 103 104 105 106 107 108 109 110 111 112 113 114 115 116 117 118 119 120 121 122 123 124 125 126 127 128 129 130 131 132 133 134 135 136 137 138 139 140 141 142 143 144 145 146 147 148 149 150 151 154 156 158 160 162
1 2 3 4 5 6 7 8 9 10 11 12 13 14 15 16 17 18 19 20 21 22 23 24 25 26 27 28 29 30 31 32 33 34 35 36 37 38 39 40 41 42 43 44 45 46 47 48 49 50 51 52 53 54 55 56 57 58 59 60 61 62 63 64 65 66 67 68 69 70 71 72 73 74 75 76 77 78 79 80 81 82 83 84 85 86 87 88 89 90 91 92 93 94 95 96 97 98 99 100 101 102 103 104 105 106 107 108 109 110 111 112 113 114 115 116 117 118 119 120 121 122 123 124 125 126 127 128 129 130 131 132 133 134 135 136 137 138 139 140 141 142 143 144 145 146 147 148 149 152 154 156 158 160 162
1 2 3 4 5 6 7 8 9 10 11 12 13 14 15 16 17 18 19 20 21 22 23 24 25 26 27 28 29 30 31 32 33 34 35 36 37 38 39 40 41 42 43 44 45 46 47 48 49 50 51 52 53 54 55 56 57 58 59 60 61 62 63 64 65 66 67 68 69 70 71 72 73 74 75 76 77 78 79 80 81 82 83 84 85 86 87 88 89 90 91 92 93 94 95 96 97 98 99 100 101 102 103 104 105 106 107 108 109 110 111 112 113 114 115 116 117 118 119 120 121 122 123 124 125 126 127 128 129 130 131 132 133 134 135 136 137 138 139 140 141 142 143 144 145 146 147 150 152 154 156 158 160 162
1 2 3 4 5 6 7 8 9 10 11 12 13 14 15 16 17 18 19 20 21 22 23 24 25 26 27 28 29 30 31 32 33 34 35 36 37 38 39 40 41 42 43 44 45 46 47 48 49 50 51 52 53 54 55 56 57 58 59 60 61 62 63 64 65 66 67 68 69 70 71 72 73 74 75 76 77 78 79 80 81 82 83 84 85 86 87 88 89 90 91 92 93 94 95 96 97 98 99 100 101 102 103 104 105 106 107 108 109 110 111 112 113 114 115 116 117 118 119 120 121 122 123 124 125 126 127 128 129 130 131 132 133 134 135 136 137 138 139 140 141 142 143 144 145 148 150 152 154 156 158 160 162
1 2 3 4 5 6 7 8 9 10 11 12 13 14 15 16 17 18 19 20 21 22 23 24 25 26 27 28 29 30 31 32 33 34 35 36 37 38 39 40 41 42 43 44 45 46 47 48 49 50 51 52 53 54 55 56 57 58 59 60 61 62 63 64 65 66 67 68 69 70 71 72 73 74 75 76 77 78 79 80 81 82 83 84 85 86 87 88 89 90 91 92 93 94 95 96 97 98 99 100 101 102 103 104 105 106 107 108 109 110 111 112 113 114 115 116 117 118 119 120 121 122 123 124 125 126 127 128 129 130 131 132 133 134 135 136 137 138 139 140 141 142 143 146 148 150 152 154 156 158 160 162
1 2 3 4 5 6 7 8 9 10 11 12 13 14 15 16 17 18 19 20 21 22 23 24 25 26 27 28 29 30 31 32 33 34 35 36 37 38 39 40 41 42 43 44 45 46 47 48 49 50 51 52 53 54 55 56 57 58 59 60 61 62 63 64 65 66 67 68 69 70 71 72 73 74 75 76 77 78 79 80 81 82 83 84 85 86 87 88 89 90 91 92 93 94 95 96 97 98 99 100 101 102 103 104 105 106 107 108 109 110 111 112 113 114 115 116 117 118 119 120 121 122 123 124 125 126 127 128 129 130 131 132 133 134 135 136 137 138 139 140 141 144 146 148 150 152 154 156 158 160 162
1 2 3 4 5 6 7 8 9 10 11 12 13 14 15 16 17 18 19 20 21 22 23 24 25 26 27 28 29 30 31 32 33 34 35 36 37 38 39 40 41 42 43 44 45 46 47 48 49 50 51 52 53 54 55 56 57 58 59 60 61 62 63 64 65 66 67 68 69 70 71 72 73 74 75 76 77 78 79 80 81 82 83 84 85 86 87 88 89 90 91 92 93 94 95 96 97 98 99 100 101 102 103 104 105 106 107 108 109 110 111 112 113 114 115 116 117 118 119 120 121 122 123 124 125 126 127 128 129 130 131 132 133 134 135 136 137 138 139 142 144 146 148 150 152 154 156 158 160 162
1 2 3 4 5 6 7 8 9 10 11 12 13 14 15 16 17 18 19 20 21 22 23 24 25 26 27 28 29 30 31 32 33 34 35 36 37 38 39 40 41 42 43 44 45 46 47 48 49 50 51 52 53 54 55 56 57 58 59 60 61 62 63 64 65 66 67 68 69 70 71 72 73 74 75 76 77 78 79 80 81 82 83 84 85 86 87 88 89 90 91 92 93 94 95 96 97 98 99 100 101 102 103 104 105 106 107 108 109 110 111 112 113 114 115 116 117 118 119 120 121 122 123 124 125 126 127 128 129 130 131 132 133 134 135 136 137 140 142 144 146 148 150 152 154 156 158 160 162
1 2 3 4 5 6 7 8 9 10 11 12 13 14 15 16 17 18 19 20 21 22 23 24 25 26 27 28 29 30 31 32 33 34 35 36 37 38 39 40 41 42 43 44 45 46 47 48 49 50 51 52 53 54 55 56 57 58 59 60 61 62 63 64 65 66 67 68 69 70 71 72 73 74 75 76 77 78 79 80 81 82 83 84 85 86 87 88 89 90 91 92 93 94 95 96 97 98 99 100 101 102 103 104 105 106 107 108 109 110 111 112 113 114 115 116 117 118 119 120 121 122 123 124 125 126 127 128 129 130 131 132 133 134 135 138 140 142 144 146 148 150 152 154 156 158 160 162
1 2 3 4 5 6 7 8 9 10 11 12 13 14 15 16 17 18 19 20 21 22 23 24 25 26 27 28 29 30 31 32 33 34 35 36 37 38 39 40 41 42 43 44 45 46 47 48 49 50 51 52 53 54 55 56 57 58 59 60 61 62 63 64 65 66 67 68 69 70 71 72 73 74 75 76 77 78 79 80 81 82 83 84 85 86 87 88 89 90 91 92 93 94 95 96 97 98 99 100 101 102 103 104 105 106 107 108 109 110 111 112 113 114 115 116 117 118 119 120 121 122 123 124 125 126 127 128 129 130 131 132 133 136 138 140 142 144 146 148 150 152 154 156 158 160 162
1 2 3 4 5 6 7 8 9 10 11 12 13 14 15 16 17 18 19 20 21 22 23 24 25 26 27 28 29 30 31 32 33 34 35 36 37 38 39 40 41 42 43 44 45 46 47 48 49 50 51 52 53 54 55 56 57 58 59 60 61 62 63 64 65 66 67 68 69 70 71 72 73 74 75 76 77 78 79 80 81 82 83 84 85 86 87 88 89 90 91 92 93 94 95 96 97 98 99 100 101 102 103 104 105 106 107 108 109 110 111 112 113 114 115 116 117 118 119 120 121 122 123 124 125 126 127 128 129 130 131 134 136 138 140 142 144 146 148 150 152 154 156 158 160 162
1 2 3 4 5 6 7 8 9 10 11 12 13 14 15 16 17 18 19 20 21 22 23 24 25 26 27 28 29 30 31 32 33 34 35 36 37 38 39 40 41 42 43 44 45 46 47 48 49 50 51 52 53 54 55 56 57 58 59 60 61 62 63 64 65 66 67 68 69 70 71 72 73 74 75 76 77 78 79 80 81 82 83 84 85 86 87 88 89 90 91 92 93 94 95 96 97 98 99 100 101 102 103 104 105 106 107 108 109 110 111 112 113 114 115 116 117 118 119 120 121 122 123 124 125 126 127 128 129 132 134 136 138 140 142 144 146 148 150 152 154 156 158 160 162
1 2 3 4 5 6 7 8 9 10 11 12 13 14 15 16 17 18 19 20 21 22 23 24 25 26 27 28 29 30 31 32 33 34 35 36 37 38 39 40 41 42 43 44 45 46 47 48 49 50 51 52 53 54 55 56 57 58 59 60 61 62 63 64 65 66 67 68 69 70 71 72 73 74 75 76 77 78 79 80 81 82 83 84 85 86 87 88 89 90 91 92 93 94 95 96 97 98 99 100 101 102 103 104 105 106 107 108 109 110 111 112 113 114 115 116 117 118 119 120 121 122 123 124 125 126 127 130 132 134 136 138 140 142 144 146 148 150 152 154 156 158 160 162
1 2 3 4 5 6 7 8 9 10 11 12 13 14 15 16 17 18 19 20 21 22 23 24 25 26 27 28 29 30 31 32 33 34 35 36 37 38 39 40 41 42 43 44 45 46 47 48 49 50 51 52 53 54 55 56 57 58 59 60 61 62 63 64 65 66 67 68 69 70 71 72 73 74 75 76 77 78 79 80 81 82 83 84 85 86 87 88 89 90 91 92 93 94 95 96 97 98 99 100 101 102 103 104 105 106 107 108 109 110 111 112 113 114 115 116 117 118 119 120 121 122 123 124 125 128 130 132 134 136 138 140 142 144 146 148 150 152 154 156 158 160 162
1 2 3 4 5 6 7 8 9 10 11 12 13 14 15 16 17 18 19 20 21 22 23 24 25 26 27 28 29 30 31 32 33 34 35 36 37 38 39 40 41 42 43 44 45 46 47 48 49 50 51 52 53 54 55 56 57 58 59 60 61 62 63 64 65 66 67 68 69 70 71 72 73 74 75 76 77 78 79 80 81 82 83 84 85 86 87 88 89 90 91 92 93 94 95 96 97 98 99 100 101 102 103 104 105 106 107 108 109 110 111 112 113 114 115 116 117 118 119 120 121 122 123 126 128 130 132 134 136 138 140 142 144 146 148 150 152 154 156 158 160 162
1 2 3 4 5 6 7 8 9 10 11 12 13 14 15 16 17 18 19 20 21 22 23 24 25 26 27 28 29 30 31 32 33 34 35 36 37 38 39 40 41 42 43 44 45 46 47 48 49 50 51 52 53 54 55 56 57 58 59 60 61 62 63 64 65 66 67 68 69 70 71 72 73 74 75 76 77 78 79 80 81 82 83 84 85 86 87 88 89 90 91 92 93 94 95 96 97 98 99 100 101 102 103 104 105 106 107 108 109 110 111 112 113 114 115 116 117 118 119 120 121 124 126 128 130 132 134 136 138 140 142 144 146 148 150 152 154 156 158 160 162
1 2 3 4 5 6 7 8 9 10 11 12 13 14 15 16 17 18 19 20 21 22 23 24 25 26 27 28 29 30 31 32 33 34 35 36 37 38 39 40 41 42 43 44 45 46 47 48 49 50 51 52 53 54 55 56 57 58 59 60 61 62 63 64 65 66 67 68 69 70 71 72 73 74 75 76 77 78 79 80 81 82 83 84 85 86 87 88 89 90 91 92 93 94 95 96 97 98 99 100 101 102 103 104 105 106 107 108 109 110 111 112 113 114 115 116 117 118 119 122 124 126 128 130 132 134 136 138 140 142 144 146 148 150 152 154 156 158 160 162
1 2 3 4 5 6 7 8 9 10 11 12 13 14 15 16 17 18 19 20 21 22 23 24 25 26 27 28 29 30 31 32 33 34 35 36 37 38 39 40 41 42 43 44 45 46 47 48 49 50 51 52 53 54 55 56 57 58 59 60 61 62 63 64 65 66 67 68 69 70 71 72 73 74 75 76 77 78 79 80 81 82 83 84 85 86 87 88 89 90 91 92 93 94 95 96 97 98 99 100 101 102 103 104 105 106 107 108 109 110 111 112 113 114 115 116 117 120 122 124 126 128 130 132 134 136 138 140 142 144 146 148 150 152 154 156 158 160 162
1 2 3 4 5 6 7 8 9 10 11 12 13 14 15 16 17 18 19 20 21 22 23 24 25 26 27 28 29 30 31 32 33 34 35 36 37 38 39 40 41 42 43 44 45 46 47 48 49 50 51 52 53 54 55 56 57 58 59 60 61 62 63 64 65 66 67 68 69 70 71 72 73 74 75 76 77 78 79 80 81 82 83 84 85 86 87 88 89 90 91 92 93 94 95 96 97 98 99 100 101 102 103 104 105 106 107 108 109 110 111 112 113 114 115 118 120 122 124 126 128 130 132 134 136 138 140 142 144 146 148 150 152 154 156 158 160 162
1 2 3 4 5 6 7 8 9 10 11 12 13 14 15 16 17 18 19 20 21 22 23 24 25 26 27 28 29 30 31 32 33 34 35 36 37 38 39 40 41 42 43 44 45 46 47 48 49 50 51 52 53 54 55 56 57 58 59 60 61 62 63 64 65 66 67 68 69 70 71 72 73 74 75 76 77 78 79 80 81 82 83 84 85 86 87 88 89 90 91 92 93 94 95 96 97 98 99 100 101 102 103 104 105 106 107 108 109 110 111 112 113 116 118 120 122 124 126 128 130 132 134 136 138 140 142 144 146 148 150 152 154 156 158 160 162
1 2 3 4 5 6 7 8 9 10 11 12 13 14 15 16 17 18 19 20 21 22 23 24 25 26 27 28 29 30 31 32 33 34 35 36 37 38 39 40 41 42 43 44 45 46 47 48 49 50 51 52 53 54 55 56 57 58 59 60 61 62 63 64 65 66 67 68 69 70 71 72 73 74 75 76 77 78 79 80 81 82 83 84 85 86 87 88 89 90 91 92 93 94 95 96 97 98 99 100 101 102 103 104 105 106 107 108 109 110 111 114 116 118 120 122 124 126 128 130 132 134 136 138 140 142 144 146 148 150 152 154 156 158 160 162
1 2 3 4 5 6 7 8 9 10 11 12 13 14 15 16 17 18 19 20 21 22 23 24 25 26 27 28 29 30 31 32 33 34 35 36 37 38 39 40 41 42 43 44 45 46 47 48 49 50 51 52 53 54 55 56 57 58 59 60 61 62 63 64 65 66 67 68 69 70 71 72 73 74 75 76 77 78 79 80 81 82 83 84 85 86 87 88 89 90 91 92 93 94 95 96 97 98 99 100 101 102 103 104 105 106 107 108 109 112 114 116 118 120 122 124 126 128 130 132 134 136 138 140 142 144 146 148 150 152 154 156 158 160 162
1 2 3 4 5 6 7 8 9 10 11 12 13 14 15 16 17 18 19 20 21 22 23 24 25 26 27 28 29 30 31 32 33 34 35 36 37 38 39 40 41 42 43 44 45 46 47 48 49 50 51 52 53 54 55 56 57 58 59 60 61 62 63 64 65 66 67 68 69 70 71 72 73 74 75 76 77 78 79 80 81 82 83 84 85 86 87 88 89 90 91 92 93 94 95 96 97 98 99 100 101 102 103 104 105 106 107 110 112 114 116 118 120 122 124 126 128 130 132 134 136 138 140 142 144 146 148 150 152 154 156 158 160 162
1 2 3 4 5 6 7 8 9 10 11 12 13 14 15 16 17 18 19 20 21 22 23 24 25 26 27 28 29 30 31 32 33 34 35 36 37 38 39 40 41 42 43 44 45 46 47 48 49 50 51 52 53 54 55 56 57 58 59 60 61 62 63 64 65 66 67 68 69 70 71 72 73 74 75 76 77 78 79 80 81 82 83 84 85 86 87 88 89 90 91 92 93 94 95 96 97 98 99 100 101 102 103 104 105 108 110 112 114 116 118 120 122 124 126 128 130 132 134 136 138 140 142 144 146 148 150 152 154 156 158 160 162
1 2 3 4 5 6 7 8 9 10 11 12 13 14 15 16 17 18 19 20 21 22 23 24 25 26 27 28 29 30 31 32 33 34 35 36 37 38 39 40 41 42 43 44 45 46 47 48 49 50 51 52 53 54 55 56 57 58 59 60 61 62 63 64 65 66 67 68 69 70 71 72 73 74 75 76 77 78 79 80 81 82 83 84 85 86 87 88 89 90 91 92 93 94 95 96 97 98 99 100 101 102 103 106 108 110 112 114 116 118 120 122 124 126 128 130 132 134 136 138 140 142 144 146 148 150 152 154 156 158 160 162
1 2 3 4 5 6 7 8 9 10 11 12 13 14 15 16 17 18 19 20 21 22 23 24 25 26 27 28 29 30 31 32 33 34 35 36 37 38 39 40 41 42 43 44 45 46 47 48 49 50 51 52 53 54 55 56 57 58 59 60 61 62 63 64 65 66 67 68 69 70 71 72 73 74 75 76 77 78 79 80 81 82 83 84 85 86 87 88 89 90 91 92 93 94 95 96 97 98 99 100 101 104 106 108 110 112 114 116 118 120 122 124 126 128 130 132 134 136 138 140 142 144 146 148 150 152 154 156 158 160 162
1 2 3 4 5 6 7 8 9 10 11 12 13 14 15 16 17 18 19 20 21 22 23 24 25 26 27 28 29 30 31 32 33 34 35 36 37 38 39 40 41 42 43 44 45 46 47 48 49 50 51 52 53 54 55 56 57 58 59 60 61 62 63 64 65 66 67 68 69 70 71 72 73 74 75 76 77 78 79 80 81 82 83 84 85 86 87 88 89 90 91 92 93 94 95 96 97 98 99 102 104 106 108 110 112 114 116 118 120 122 124 126 128 130 132 134 136 138 140 142 144 146 148 150 152 154 156 158 160 162
1 2 3 4 5 6 7 8 9 10 11 12 13 14 15 16 17 18 19 20 21 22 23 24 25 26 27 28 29 30 31 32 33 34 35 36 37 38 39 40 41 42 43 44 45 46 47 48 49 50 51 52 53 54 55 56 57 58 59 60 61 62 63 64 65 66 67 68 69 70 71 72 73 74 75 76 77 78 79 80 81 82 83 84 85 86 87 88 89 90 91 92 93 94 95 96 97 100 102 104 106 108 110 112 114 116 118 120 122 124 126 128 130 132 134 136 138 140 142 144 146 148 150 152 154 156 158 160 162
1 2 3 4 5 6 7 8 9 10 11 12 13 14 15 16 17 18 19 20 21 22 23 24 25 26 27 28 29 30 31 32 33 34 35 36 37 38 39 40 41 42 43 44 45 46 47 48 49 50 51 52 53 54 55 56 57 58 59 60 61 62 63 64 65 66 67 68 69 70 71 72 73 74 75 76 77 78 79 80 81 82 83 84 85 86 87 88 89 90 91 92 93 94 95 98 100 102 104 106 108 110 112 114 116 118 120 122 124 126 128 130 132 134 136 138 140 142 144 146 148 150 152 154 156 158 160 162
1 2 3 4 5 6 7 8 9 10 11 12 13 14 15 16 17 18 19 20 21 22 23 24 25 26 27 28 29 30 31 32 33 34 35 36 37 38 39 40 41 42 43 44 45 46 47 48 49 50 51 52 53 54 55 56 57 58 59 60 61 62 63 64 65 66 67 68 69 70 71 72 73 74 75 76 77 78 79 80 81 82 83 84 85 86 87 88 89 90 91 92 93 96 98 100 102 104 106 108 110 112 114 116 118 120 122 124 126 128 130 132 134 136 138 140 142 144 146 148 150 152 154 156 158 160 162
1 2 3 4 5 6 7 8 9 10 11 12 13 14 15 16 17 18 19 20 21 22 23 24 25 26 27 28 29 30 31 32 33 34 35 36 37 38 39 40 41 42 43 44 45 46 47 48 49 50 51 52 53 54 55 56 57 58 59 60 61 62 63 64 65 66 67 68 69 70 71 72 73 74 75 76 77 78 79 80 81 82 83 84 85 86 87 88 89 90 91 94 96 98 100 102 104 106 108 110 112 114 116 118 120 122 124 126 128 130 132 134 136 138 140 142 144 146 148 150 152 154 156 158 160 162
1 2 3 4 5 6 7 8 9 10 11 12 13 14 15 16 17 18 19 20 21 22 23 24 25 26 27 28 29 30 31 32 33 34 35 36 37 38 39 40 41 42 43 44 45 46 47 48 49 50 51 52 53 54 55 56 57 58 59 60 61 62 63 64 65 66 67 68 69 70 71 72 73 74 75 76 77 78 79 80 81 82 83 84 85 86 87 88 89 92 94 96 98 100 102 104 106 108 110 112 114 116 118 120 122 124 126 128 130 132 134 136 138 140 142 144 146 148 150 152 154 156 158 160 162
1 2 3 4 5 6 7 8 9 10 11 12 13 14 15 16 17 18 19 20 21 22 23 24 25 26 27 28 29 30 31 32 33 34 35 36 37 38 39 40 41 42 43 44 45 46 47 48 49 50 51 52 53 54 55 56 57 58 59 60 61 62 63 64 65 66 67 68 69 70 71 72 73 74 75 76 77 78 79 80 81 82 83 84 85 86 87 90 92 94 96 98 100 102 104 106 108 110 112 114 116 118 120 122 124 126 128 130 132 134 136 138 140 142 144 146 148 150 152 154 156 158 160 162
1 2 3 4 5 6 7 8 9 10 11 12 13 14 15 16 17 18 19 20 21 22 23 24 25 26 27 28 29 30 31 32 33 34 35 36 37 38 39 40 41 42 43 44 45 46 47 48 49 50 51 52 53 54 55 56 57 58 59 60 61 62 63 64 65 66 67 68 69 70 71 72 73 74 75 76 77 78 79 80 81 82 83 84 85 88 90 92 94 96 98 100 102 104 106 108 110 112 114 116 118 120 122 124 126 128 130 132 134 136 138 140 142 144 146 148 150 152 154 156 158 160 162
1 2 3 4 5 6 7 8 9 10 11 12 13 14 15 16 17 18 19 20 21 22 23 24 25 26 27 28 29 30 31 32 33 34 35 36 37 38 39 40 41 42 43 44 45 46 47 48 49 50 51 52 53 54 55 56 57 58 59 60 61 62 63 64 65 66 67 68 69 70 71 72 73 74 75 76 77 78 79 80 81 82 83 86 88 90 92 94 96 98 100 102 104 106 108 110 112 114 116 118 120 122 124 126 128 130 132 134 136 138 140 142 144 146 148 150 152 154 156 158 160 162
1 2 3 4 5 6 7 8 9 10 11 12 13 14 15 16 17 18 19 20 21 22 23 24 25 26 27 28 29 30 31 32 33 34 35 36 37 38 39 40 41 42 43 44 45 46 47 48 49 50 51 52 53 54 55 56 57 58 59 60 61 62 63 64 65 66 67 68 69 70 71 72 73 74 75 76 77 78 79 80 81 84 86 88 90 92 94 96 98 100 102 104 106 108 110 112 114 116 118 120 122 124 126 128 130 132 134 136 138 140 142 144 146 148 150 152 154 156 158 160 162
1 2 3 4 5 6 7 8 9 10 11 12 13 14 15 16 17 18 19 20 21 22 23 24 25 26 27 28 29 30 31 32 33 34 35 36 37 38 39 40 41 42 43 44 45 46 47 48 49 50 51 52 53 54 55 56 57 58 59 60 61 62 63 64 65 66 67 68 69 70 71 72 73 74 75 76 77 78 79 82 84 86 88 90 92 94 96 98 100 102 104 106 108 110 112 114 116 118 120 122 124 126 128 130 132 134 136 138 140 142 144 146 148 150 152 154 156 158 160 162
1 2 3 4 5 6 7 8 9 10 11 12 13 14 15 16 17 18 19 20 21 22 23 24 25 26 27 28 29 30 31 32 33 34 35 36 37 38 39 40 41 42 43 44 45 46 47 48 49 50 51 52 53 54 55 56 57 58 59 60 61 62 63 64 65 66 67 68 69 70 71 72 73 74 75 76 77 80 82 84 86 88 90 92 94 96 98 100 102 104 106 108 110 112 114 116 118 120 122 124 126 128 130 132 134 136 138 140 142 144 146 148 150 152 154 156 158 160 162
1 2 3 4 5 6 7 8 9 10 11 12 13 14 15 16 17 18 19 20 21 22 23 24 25 26 27 28 29 30 31 32 33 34 35 36 37 38 39 40 41 42 43 44 45 46 47 48 49 50 51 52 53 54 55 56 57 58 59 60 61 62 63 64 65 66 67 68 69 70 71 72 73 74 75 78 80 82 84 86 88 90 92 94 96 98 100 102 104 106 108 110 112 114 116 118 120 122 124 126 128 130 132 134 136 138 140 142 144 146 148 150 152 154 156 158 160 162
1 2 3 4 5 6 7 8 9 10 11 12 13 14 15 16 17 18 19 20 21 22 23 24 25 26 27 28 29 30 31 32 33 34 35 36 37 38 39 40 41 42 43 44 45 46 47 48 49 50 51 52 53 54 55 56 57 58 59 60 61 62 63 64 65 66 67 68 69 70 71 72 73 76 78 80 82 84 86 88 90 92 94 96 98 100 102 104 106 108 110 112 114 116 118 120 122 124 126 128 130 132 134 136 138 140 142 144 146 148 150 152 154 156 158 160 162
1 2 3 4 5 6 7 8 9 10 11 12 13 14 15 16 17 18 19 20 21 22 23 24 25 26 27 28 29 30 31 32 33 34 35 36 37 38 39 40 41 42 43 44 45 46 47 48 49 50 51 52 53 54 55 56 57 58 59 60 61 62 63 64 65 66 67 68 69 70 71 74 76 78 80 82 84 86 88 90 92 94 96 98 100 102 104 106 108 110 112 114 116 118 120 122 124 126 128 130 132 134 136 138 140 142 144 146 148 150 152 154 156 158 160 162
1 2 3 4 5 6 7 8 9 10 11 12 13 14 15 16 17 18 19 20 21 22 23 24 25 26 27 28 29 30 31 32 33 34 35 36 37 38 39 40 41 42 43 44 45 46 47 48 49 50 51 52 53 54 55 56 57 58 59 60 61 62 63 64 65 66 67 68 69 72 74 76 78 80 82 84 86 88 90 92 94 96 98 100 102 104 106 108 110 112 114 116 118 120 122 124 126 128 130 132 134 136 138 140 142 144 146 148 150 152 154 156 158 160 162
1 2 3 4 5 6 7 8 9 10 11 12 13 14 15 16 17 18 19 20 21 22 23 24 25 26 27 28 29 30 31 32 33 34 35 36 37 38 39 40 41 42 43 44 45 46 47 48 49 50 51 52 53 54 55 56 57 58 59 60 61 62 63 64 65 66 67 70 72 74 76 78 80 82 84 86 88 90 92 94 96 98 100 102 104 106 108 110 112 114 116 118 120 122 124 126 128 130 132 134 136 138 140 142 144 146 148 150 152 154 156 158 160 162
1 2 3 4 5 6 7 8 9 10 11 12 13 14 15 16 17 18 19 20 21 22 23 24 25 26 27 28 29 30 31 32 33 34 35 36 37 38 39 40 41 42 43 44 45 46 47 48 49 50 51 52 53 54 55 56 57 58 59 60 61 62 63 64 65 68 70 72 74 76 78 80 82 84 86 88 90 92 94 96 98 100 102 104 106 108 110 112 114 116 118 120 122 124 126 128 130 132 134 136 138 140 142 144 146 148 150 152 154 156 158 160 162
1 2 3 4 5 6 7 8 9 10 11 12 13 14 15 16 17 18 19 20 21 22 23 24 25 26 27 28 29 30 31 32 33 34 35 36 37 38 39 40 41 42 43 44 45 46 47 48 49 50 51 52 53 54 55 56 57 58 59 60 61 62 63 66 68 70 72 74 76 78 80 82 84 86 88 90 92 94 96 98 100 102 104 106 108 110 112 114 116 118 120 122 124 126 128 130 132 134 136 138 140 142 144 146 148 150 152 154 156 158 160 162
1 2 3 4 5 6 7 8 9 10 11 12 13 14 15 16 17 18 19 20 21 22 23 24 25 26 27 28 29 30 31 32 33 34 35 36 37 38 39 40 41 42 43 44 45 46 47 48 49 50 51 52 53 54 55 56 57 58 59 60 61 64 66 68 70 72 74 76 78 80 82 84 86 88 90 92 94 96 98 100 102 104 106 108 110 112 114 116 118 120 122 124 126 128 130 132 134 136 138 140 142 144 146 148 150 152 154 156 158 160 162
1 2 3 4 5 6 7 8 9 10 11 12 13 14 15 16 17 18 19 20 21 22 23 24 25 26 27 28 29 30 31 32 33 34 35 36 37 38 39 40 41 42 43 44 45 46 47 48 49 50 51 52 53 54 55 56 57 58 59 62 64 66 68 70 72 74 76 78 80 82 84 86 88 90 92 94 96 98 100 102 104 106 108 110 112 114 116 118 120 122 124 126 128 130 132 134 136 138 140 142 144 146 148 150 152 154 156 158 160 162
1 2 3 4 5 6 7 8 9 10 11 12 13 14 15 16 17 18 19 20 21 22 23 24 25 26 27 28 29 30 31 32 33 34 35 36 37 38 39 40 41 42 43 44 45 46 47 48 49 50 51 52 53 54 55 56 57 60 62 64 66 68 70 72 74 76 78 80 82 84 86 88 90 92 94 96 98 100 102 104 106 108 110 112 114 116 118 120 122 124 126 128 130 132 134 136 138 140 142 144 146 148 150 152 154 156 158 160 162
1 2 3 4 5 6 7 8 9 10 11 12 13 14 15 16 17 18 19 20 21 22 23 24 25 26 27 28 29 30 31 32 33 34 35 36 37 38 39 40 41 42 43 44 45 46 47 48 49 50 51 52 53 54 55 58 60 62 64 66 68 70 72 74 76 78 80 82 84 86 88 90 92 94 96 98 100 102 104 106 108 110 112 114 116 118 120 122 124 126 128 130 132 134 136 138 140 142 144 146 148 150 152 154 156 158 160 162
1 2 3 4 5 6 7 8 9 10 11 12 13 14 15 16 17 18 19 20 21 22 23 24 25 26 27 28 29 30 31 32 33 34 35 36 37 38 39 40 41 42 43 44 45 46 47 48 49 50 51 52 53 56 58 60 62 64 66 68 70 72 74 76 78 80 82 84 86 88 90 92 94 96 98 100 102 104 106 108 110 112 114 116 118 120 122 124 126 128 130 132 134 136 138 140 142 144 146 148 150 152 154 156 158 160 162
1 2 3 4 5 6 7 8 9 10 11 12 13 14 15 16 17 18 19 20 21 22 23 24 25 26 27 28 29 30 31 32 33 34 35 36 37 38 39 40 41 42 43 44 45 46 47 48 49 50 51 54 56 58 60 62 64 66 68 70 72 74 76 78 80 82 84 86 88 90 92 94 96 98 100 102 104 106 108 110 112 114 116 118 120 122 124 126 128 130 132 134 136 138 140 142 144 146 148 150 152 154 156 158 160 162
1 2 3 4 5 6 7 8 9 10 11 12 13 14 15 16 17 18 19 20 21 22 23 24 25 26 27 28 29 30 31 32 33 34 35 36 37 38 39 40 41 42 43 44 45 46 47 48 49 52 54 56 58 60 62 64 66 68 70 72 74 76 78 80 82 84 86 88 90 92 94 96 98 100 102 104 106 108 110 112 114 116 118 120 122 124 126 128 130 132 134 136 138 140 142 144 146 148 150 152 154 156 158 160 162
1 2 3 4 5 6 7 8 9 10 11 12 13 14 15 16 17 18 19 20 21 22 23 24 25 26 27 28 29 30 31 32 33 34 35 36 37 38 39 40 41 42 43 44 45 46 47 50 52 54 56 58 60 62 64 66 68 70 72 74 76 78 80 82 84 86 88 90 92 94 96 98 100 102 104 106 108 110 112 114 116 118 120 122 124 126 128 130 132 134 136 138 140 142 144 146 148 150 152 154 156 158 160 162
1 2 3 4 5 6 7 8 9 10 11 12 13 14 15 16 17 18 19 20 21 22 23 24 25 26 27 28 29 30 31 32 33 34 35 36 37 38 39 40 41 42 43 44 45 48 50 52 54 56 58 60 62 64 66 68 70 72 74 76 78 80 82 84 86 88 90 92 94 96 98 100 102 104 106 108 110 112 114 116 118 120 122 124 126 128 130 132 134 136 138 140 142 144 146 148 150 152 154 156 158 160 162
1 2 3 4 5 6 7 8 9 10 11 12 13 14 15 16 17 18 19 20 21 22 23 24 25 26 27 28 29 30 31 32 33 34 35 36 37 38 39 40 41 42 43 46 48 50 52 54 56 58 60 62 64 66 68 70 72 74 76 78 80 82 84 86 88 90 92 94 96 98 100 102 104 106 108 110 112 114 116 118 120 122 124 126 128 130 132 134 136 138 140 142 144 146 148 150 152 154 156 158 160 162
1 2 3 4 5 6 7 8 9 10 11 12 13 14 15 16 17 18 19 20 21 22 23 24 25 26 27 28 29 30 31 32 33 34 35 36 37 38 39 40 41 44 46 48 50 52 54 56 58 60 62 64 66 68 70 72 74 76 78 80 82 84 86 88 90 92 94 96 98 100 102 104 106 108 110 112 114 116 118 120 122 124 126 128 130 132 134 136 138 140 142 144 146 148 150 152 154 156 158 160 162
1 2 3 4 5 6 7 8 9 10 11 12 13 14 15 16 17 18 19 20 21 22 23 24 25 26 27 28 29 30 31 32 33 34 35 36 37 38 39 42 44 46 48 50 52 54 56 58 60 62 64 66 68 70 72 74 76 78 80 82 84 86 88 90 92 94 96 98 100 102 104 106 108 110 112 114 116 118 120 122 124 126 128 130 132 134 136 138 140 142 144 146 148 150 152 154 156 158 160 162
1 2 3 4 5 6 7 8 9 10 11 12 13 14 15 16 17 18 19 20 21 22 23 24 25 26 27 28 29 30 31 32 33 34 35 36 37 40 42 44 46 48 50 52 54 56 58 60 62 64 66 68 70 72 74 76 78 80 82 84 86 88 90 92 94 96 98 100 102 104 106 108 110 112 114 116 118 120 122 124 126 128 130 132 134 136 138 140 142 144 146 148 150 152 154 156 158 160 162
1 2 3 4 5 6 7 8 9 10 11 12 13 14 15 16 17 18 19 20 21 22 23 24 25 26 27 28 29 30 31 32 33 34 35 38 40 42 44 46 48 50 52 54 56 58 60 62 64 66 68 70 72 74 76 78 80 82 84 86 88 90 92 94 96 98 100 102 104 106 108 110 112 114 116 118 120 122 124 126 128 130 132 134 136 138 140 142 144 146 148 150 152 154 156 158 160 162
1 2 3 4 5 6 7 8 9 10 11 12 13 14 15 16 17 18 19 20 21 22 23 24 25 26 27 28 29 30 31 32 33 36 38 40 42 44 46 48 50 52 54 56 58 60 62 64 66 68 70 72 74 76 78 80 82 84 86 88 90 92 94 96 98 100 102 104 106 108 110 112 114 116 118 120 122 124 126 128 130 132 134 136 138 140 142 144 146 148 150 152 154 156 158 160 162
1 2 3 4 5 6 7 8 9 10 11 12 13 14 15 16 17 18 19 20 21 22 23 24 25 26 27 28 29 30 31 34 36 38 40 42 44 46 48 50 52 54 56 58 60 62 64 66 68 70 72 74 76 78 80 82 84 86 88 90 92 94 96 98 100 102 104 106 108 110 112 114 116 118 120 122 124 126 128 130 132 134 136 138 140 142 144 146 148 150 152 154 156 158 160 162
1 2 3 4 5 6 7 8 9 10 11 12 13 14 15 16 17 18 19 20 21 22 23 24 25 26 27 28 29 32 34 36 38 40 42 44 46 48 50 52 54 56 58 60 62 64 66 68 70 72 74 76 78 80 82 84 86 88 90 92 94 96 98 100 102 104 106 108 110 112 114 116 118 120 122 124 126 128 130 132 134 136 138 140 142 144 146 148 150 152 154 156 158 160 162
1 2 3 4 5 6 7 8 9 10 11 12 13 14 15 16 17 18 19 20 21 22 23 24 25 26 27 30 32 34 36 38 40 42 44 46 48 50 52 54 56 58 60 62 64 66 68 70 72 74 76 78 80 82 84 86 88 90 92 94 96 98 100 102 104 106 108 110 112 114 116 118 120 122 124 126 128 130 132 134 136 138 140 142 144 146 148 150 152 154 156 158 160 162
1 2 3 4 5 6 7 8 9 10 11 12 13 14 15 16 17 18 19 20 21 22 23 24 25 28 30 32 34 36 38 40 42 44 46 48 50 52 54 56 58 60 62 64 66 68 70 72 74 76 78 80 82 84 86 88 90 92 94 96 98 100 102 104 106 108 110 112 114 116 118 120 122 124 126 128 130 132 134 136 138 140 142 144 146 148 150 152 154 156 158 160 162
1 2 3 4 5 6 7 8 9 10 11 12 13 14 15 16 17 18 19 20 21 22 23 26 28 30 32 34 36 38 40 42 44 46 48 50 52 54 56 58 60 62 64 66 68 70 72 74 76 78 80 82 84 86 88 90 92 94 96 98 100 102 104 106 108 110 112 114 116 118 120 122 124 126 128 130 132 134 136 138 140 142 144 146 148 150 152 154 156 158 160 162
1 2 3 4 5 6 7 8 9 10 11 12 13 14 15 16 17 18 19 20 21 24 26 28 30 32 34 36 38 40 42 44 46 48 50 52 54 56 58 60 62 64 66 68 70 72 74 76 78 80 82 84 86 88 90 92 94 96 98 100 102 104 106 108 110 112 114 116 118 120 122 124 126 128 130 132 134 136 138 140 142 144 146 148 150 152 154 156 158 160 162
1 2 3 4 5 6 7 8 9 10 11 12 13 14 15 16 17 18 19 22 24 26 28 30 32 34 36 38 40 42 44 46 48 50 52 54 56 58 60 62 64 66 68 70 72 74 76 78 80 82 84 86 88 90 92 94 96 98 100 102 104 106 108 110 112 114 116 118 120 122 124 126 128 130 132 134 136 138 140 142 144 146 148 150 152 154 156 158 160 162
1 2 3 4 5 6 7 8 9 10 11 12 13 14 15 16 17 20 22 24 26 28 30 32 34 36 38 40 42 44 46 48 50 52 54 56 58 60 62 64 66 68 70 72 74 76 78 80 82 84 86 88 90 92 94 96 98 100 102 104 106 108 110 112 114 116 118 120 122 124 126 128 130 132 134 136 138 140 142 144 146 148 150 152 154 156 158 160 162
1 2 3 4 5 6 7 8 9 10 11 12 13 14 15 18 20 22 24 26 28 30 32 34 36 38 40 42 44 46 48 50 52 54 56 58 60 62 64 66 68 70 72 74 76 78 80 82 84 86 88 90 92 94 96 98 100 102 104 106 108 110 112 114 116 118 120 122 124 126 128 130 132 134 136 138 140 142 144 146 148 150 152 154 156 158 160 162
1 2 3 4 5 6 7 8 9 10 11 12 13 16 18 20 22 24 26 28 30 32 34 36 38 40 42 44 46 48 50 52 54 56 58 60 62 64 66 68 70 72 74 76 78 80 82 84 86 88 90 92 94 96 98 100 102 104 106 108 110 112 114 116 118 120 122 124 126 128 130 132 134 136 138 140 142 144 146 148 150 152 154 156 158 160 162
1 2 3 4 5 6 7 8 9 10 11 14 16 18 20 22 24 26 28 30 32 34 36 38 40 42 44 46 48 50 52 54 56 58 60 62 64 66 68 70 72 74 76 78 80 82 84 86 88 90 92 94 96 98 100 102 104 106 108 110 112 114 116 118 120 122 124 126 128 130 132 134 136 138 140 142 144 146 148 150 152 154 156 158 160 162
1 2 3 4 5 6 7 8 9 12 14 16 18 20 22 24 26 28 30 32 34 36 38 40 42 44 46 48 50 52 54 56 58 60 62 64 66 68 70 72 74 76 78 80 82 84 86 88 90 92 94 96 98 100 102 104 106 108 110 112 114 116 118 120 122 124 126 128 130 132 134 136 138 140 142 144 146 148 150 152 154 156 158 160 162
1 2 3 4 5 6 7 10 12 14 16 18 20 22 24 26 28 30 32 34 36 38 40 42 44 46 48 50 52 54 56 58 60 62 64 66 68 70 72 74 76 78 80 82 84 86 88 90 92 94 96 98 100 102 104 106 108 110 112 114 116 118 120 122 124 126 128 130 132 134 136 138 140 142 144 146 148 150 152 154 156 158 160 162
1 2 3 4 5 8 10 12 14 16 18 20 22 24 26 28 30 32 34 36 38 40 42 44 46 48 50 52 54 56 58 60 62 64 66 68 70 72 74 76 78 80 82 84 86 88 90 92 94 96 98 100 102 104 106 108 110 112 114 116 118 120 122 124 126 128 130 132 134 136 138 140 142 144 146 148 150 152 154 156 158 160 162
1 2 3 6 8 10 12 14 16 18 20 22 24 26 28 30 32 34 36 38 40 42 44 46 48 50 52 54 56 58 60 62 64 66 68 70 72 74 76 78 80 82 84 86 88 90 92 94 96 98 100 102 104 106 108 110 112 114 116 118 120 122 124 126 128 130 132 134 136 138 140 142 144 146 148 150 152 154 156 158 160 162
1 4 6 8 10 12 14 16 18 20 22 24 26 28 30 32 34 36 38 40 42 44 46 48 50 52 54 56 58 60 62 64 66 68 70 72 74 76 78 80 82 84 86 88 90 92 94 96 98 100 102 104 106 108 110 112 114 116 118 120 122 124 126 128 130 132 134 136 138 140 142 144 146 148 150 152 154 156 158 160 162
2 4 6 8 10 12 14 16 18 20 22 24 26 28 30 32 34 36 38 40 42 44 46 48 50 52 54 56 58 60 62 64 66 68 70 72 74 76 78 80 82 84 86 88 90 92 94 96 98 100 102 104 106 108 110 112 114 116 118 120 122 124 126 128 130 132 134 136 138 140 142 144 146 148 150 152 154 156 158 160 162
161 162
