2 1
4 1
4 2
4 3
6 1
6 2
6 3
6 4
6 5
8 1
8 2
8 3
8 4
8 5
8 6
8 7
10 1
10 2
10 3
10 4
10 5
10 6
10 7
10 8
10 9
12 1
12 2
12 3
12 4
12 5
12 6
12 7
12 8
12 9
12 10
12 11
14 1
14 2
14 3
14 4
14 5
14 6
14 7
14 8
14 9
14 10
14 11
14 12
14 13
16 1
16 2
16 3
16 4
16 5
16 6
16 7
16 8
16 9
16 10
16 11
16 12
16 13
16 14
16 15
18 1
18 2
18 3
18 4
18 5
18 6
18 7
18 8
18 9
18 10
18 11
18 12
18 13
18 14
18 15
18 16
18 17
20 1
20 2
20 3
20 4
20 5
20 6
20 7
20 8
20 9
20 10
20 11
20 12
20 13
20 14
20 15
20 16
20 17
20 18
20 19
22 1
22 2
22 3
22 4
22 5
22 6
22 7
22 8
22 9
22 10
22 11
22 12
22 13
22 14
22 15
22 16
22 17
22 18
22 19
22 20
22 21
24 1
24 2
24 3
24 4
24 5
24 6
24 7
24 8
24 9
24 10
24 11
24 12
24 13
24 14
24 15
24 16
24 17
24 18
24 19
24 20
24 21
24 22
24 23
26 1
26 2
26 3
26 4
26 5
26 6
26 7
26 8
26 9
26 10
26 11
26 12
26 13
26 14
26 15
26 16
26 17
26 18
26 19
26 20
26 21
26 22
26 23
26 24
26 25
28 1
28 2
28 3
28 4
28 5
28 6
28 7
28 8
28 9
28 10
28 11
28 12
28 13
28 14
28 15
28 16
28 17
28 18
28 19
28 20
28 21
28 22
28 23
28 24
28 25
28 26
28 27
30 1
30 2
30 3
30 4
30 5
30 6
30 7
30 8
30 9
30 10
30 11
30 12
30 13
30 14
30 15
30 16
30 17
30 18
30 19
30 20
30 21
30 22
30 23
30 24
30 25
30 26
30 27
30 28
30 29
32 1
32 2
32 3
32 4
32 5
32 6
32 7
32 8
32 9
32 10
32 11
32 12
32 13
32 14
32 15
32 16
32 17
32 18
32 19
32 20
32 21
32 22
32 23
32 24
32 25
32 26
32 27
32 28
32 29
32 30
32 31
34 1
34 2
34 3
34 4
34 5
34 6
34 7
34 8
34 9
34 10
34 11
34 12
34 13
34 14
34 15
34 16
34 17
34 18
34 19
34 20
34 21
34 22
34 23
34 24
34 25
34 26
34 27
34 28
34 29
34 30
34 31
34 32
34 33
36 1
36 2
36 3
36 4
36 5
36 6
36 7
36 8
36 9
36 10
36 11
36 12
36 13
36 14
36 15
36 16
36 17
36 18
36 19
36 20
36 21
36 22
36 23
36 24
36 25
36 26
36 27
36 28
36 29
36 30
36 31
36 32
36 33
36 34
36 35
38 1
38 2
38 3
38 4
38 5
38 6
38 7
38 8
38 9
38 10
38 11
38 12
38 13
38 14
38 15
38 16
38 17
38 18
38 19
38 20
38 21
38 22
38 23
38 24
38 25
38 26
38 27
38 28
38 29
38 30
38 31
38 32
38 33
38 34
38 35
38 36
38 37
40 1
40 2
40 3
40 4
40 5
40 6
40 7
40 8
40 9
40 10
40 11
40 12
40 13
40 14
40 15
40 16
40 17
40 18
40 19
40 20
40 21
40 22
40 23
40 24
40 25
40 26
40 27
40 28
40 29
40 30
40 31
40 32
40 33
40 34
40 35
40 36
40 37
40 38
40 39
42 1
42 2
42 3
42 4
42 5
42 6
42 7
42 8
42 9
42 10
42 11
42 12
42 13
42 14
42 15
42 16
42 17
42 18
42 19
42 20
42 21
42 22
42 23
42 24
42 25
42 26
42 27
42 28
42 29
42 30
42 31
42 32
42 33
42 34
42 35
42 36
42 37
42 38
42 39
42 40
42 41
44 1
44 2
44 3
44 4
44 5
44 6
44 7
44 8
44 9
44 10
44 11
44 12
44 13
44 14
44 15
44 16
44 17
44 18
44 19
44 20
44 21
44 22
44 23
44 24
44 25
44 26
44 27
44 28
44 29
44 30
44 31
44 32
44 33
44 34
44 35
44 36
44 37
44 38
44 39
44 40
44 41
44 42
44 43
46 1
46 2
46 3
46 4
46 5
46 6
46 7
46 8
46 9
46 10
46 11
46 12
46 13
46 14
46 15
46 16
46 17
46 18
46 19
46 20
46 21
46 22
46 23
46 24
46 25
46 26
46 27
46 28
46 29
46 30
46 31
46 32
46 33
46 34
46 35
46 36
46 37
46 38
46 39
46 40
46 41
46 42
46 43
46 44
46 45
48 1
48 2
48 3
48 4
48 5
48 6
48 7
48 8
48 9
48 10
48 11
48 12
48 13
48 14
48 15
48 16
48 17
48 18
48 19
48 20
48 21
48 22
48 23
48 24
48 25
48 26
48 27
48 28
48 29
48 30
48 31
48 32
48 33
48 34
48 35
48 36
48 37
48 38
48 39
48 40
48 41
48 42
48 43
48 44
48 45
48 46
48 47
50 1
50 2
50 3
50 4
50 5
50 6
50 7
50 8
50 9
50 10
50 11
50 12
50 13
50 14
50 15
50 16
50 17
50 18
50 19
50 20
50 21
50 22
50 23
50 24
50 25
50 26
50 27
50 28
50 29
50 30
50 31
50 32
50 33
50 34
50 35
50 36
50 37
50 38
50 39
50 40
50 41
50 42
50 43
50 44
50 45
50 46
50 47
50 48
50 49
52 1
52 2
52 3
52 4
52 5
52 6
52 7
52 8
52 9
52 10
52 11
52 12
52 13
52 14
52 15
52 16
52 17
52 18
52 19
52 20
52 21
52 22
52 23
52 24
52 25
52 26
52 27
52 28
52 29
52 30
52 31
52 32
52 33
52 34
52 35
52 36
52 37
52 38
52 39
52 40
52 41
52 42
52 43
52 44
52 45
52 46
52 47
52 48
52 49
52 50
52 51
54 1
54 2
54 3
54 4
54 5
54 6
54 7
54 8
54 9
54 10
54 11
54 12
54 13
54 14
54 15
54 16
54 17
54 18
54 19
54 20
54 21
54 22
54 23
54 24
54 25
54 26
54 27
54 28
54 29
54 30
54 31
54 32
54 33
54 34
54 35
54 36
54 37
54 38
54 39
54 40
54 41
54 42
54 43
54 44
54 45
54 46
54 47
54 48
54 49
54 50
54 51
54 52
54 53
56 1
56 2
56 3
56 4
56 5
56 6
56 7
56 8
56 9
56 10
56 11
56 12
56 13
56 14
56 15
56 16
56 17
56 18
56 19
56 20
56 21
56 22
56 23
56 24
56 25
56 26
56 27
56 28
56 29
56 30
56 31
56 32
56 33
56 34
56 35
56 36
56 37
56 38
56 39
56 40
56 41
56 42
56 43
56 44
56 45
56 46
56 47
56 48
56 49
56 50
56 51
56 52
56 53
56 54
56 55
58 1
58 2
58 3
58 4
58 5
58 6
58 7
58 8
58 9
58 10
58 11
58 12
58 13
58 14
58 15
58 16
58 17
58 18
58 19
58 20
58 21
58 22
58 23
58 24
58 25
58 26
58 27
58 28
58 29
58 30
58 31
58 32
58 33
58 34
58 35
58 36
58 37
58 38
58 39
58 40
58 41
58 42
58 43
58 44
58 45
58 46
58 47
58 48
58 49
58 50
58 51
58 52
58 53
58 54
58 55
58 56
58 57
60 1
60 2
60 3
60 4
60 5
60 6
60 7
60 8
60 9
60 10
60 11
60 12
60 13
60 14
60 15
60 16
60 17
60 18
60 19
60 20
60 21
60 22
60 23
60 24
60 25
60 26
60 27
60 28
60 29
60 30
60 31
60 32
60 33
60 34
60 35
60 36
60 37
60 38
60 39
60 40
60 41
60 42
60 43
60 44
60 45
60 46
60 47
60 48
60 49
60 50
60 51
60 52
60 53
60 54
60 55
60 56
60 57
60 58
60 59
62 1
62 2
62 3
62 4
62 5
62 6
62 7
62 8
62 9
62 10
62 11
62 12
62 13
62 14
62 15
62 16
62 17
62 18
62 19
62 20
62 21
62 22
62 23
62 24
62 25
62 26
62 27
62 28
62 29
62 30
62 31
62 32
62 33
62 34
62 35
62 36
62 37
62 38
62 39
62 40
62 41
62 42
62 43
62 44
62 45
62 46
62 47
62 48
62 49
62 50
62 51
62 52
62 53
62 54
62 55
62 56
62 57
62 58
62 59
62 60
62 61
64 1
64 2
64 3
64 4
64 5
64 6
64 7
64 8
64 9
64 10
64 11
64 12
64 13
64 14
64 15
64 16
64 17
64 18
64 19
64 20
64 21
64 22
64 23
64 24
64 25
64 26
64 27
64 28
64 29
64 30
64 31
64 32
64 33
64 34
64 35
64 36
64 37
64 38
64 39
64 40
64 41
64 42
64 43
64 44
64 45
64 46
64 47
64 48
64 49
64 50
64 51
64 52
64 53
64 54
64 55
64 56
64 57
64 58
64 59
64 60
64 61
64 62
64 63
66 1
66 2
66 3
66 4
66 5
66 6
66 7
66 8
66 9
66 10
66 11
66 12
66 13
66 14
66 15
66 16
66 17
66 18
66 19
66 20
66 21
66 22
66 23
66 24
66 25
66 26
66 27
66 28
66 29
66 30
66 31
66 32
66 33
66 34
66 35
66 36
66 37
66 38
66 39
66 40
66 41
66 42
66 43
66 44
66 45
66 46
66 47
66 48
66 49
66 50
66 51
66 52
66 53
66 54
66 55
66 56
66 57
66 58
66 59
66 60
66 61
66 62
66 63
66 64
66 65
68 1
68 2
68 3
68 4
68 5
68 6
68 7
68 8
68 9
68 10
68 11
68 12
68 13
68 14
68 15
68 16
68 17
68 18
68 19
68 20
68 21
68 22
68 23
68 24
68 25
68 26
68 27
68 28
68 29
68 30
68 31
68 32
68 33
68 34
68 35
68 36
68 37
68 38
68 39
68 40
68 41
68 42
68 43
68 44
68 45
68 46
68 47
68 48
68 49
68 50
68 51
68 52
68 53
68 54
68 55
68 56
68 57
68 58
68 59
68 60
68 61
68 62
68 63
68 64
68 65
68 66
68 67
70 1
70 2
70 3
70 4
70 5
70 6
70 7
70 8
70 9
70 10
70 11
70 12
70 13
70 14
70 15
70 16
70 17
70 18
70 19
70 20
70 21
70 22
70 23
70 24
70 25
70 26
70 27
70 28
70 29
70 30
70 31
70 32
70 33
70 34
70 35
70 36
70 37
70 38
70 39
70 40
70 41
70 42
70 43
70 44
70 45
70 46
70 47
70 48
70 49
70 50
70 51
70 52
70 53
70 54
70 55
70 56
70 57
70 58
70 59
70 60
70 61
70 62
70 63
70 64
70 65
70 66
70 67
70 68
70 69
72 1
72 2
72 3
72 4
72 5
72 6
72 7
72 8
72 9
72 10
72 11
72 12
72 13
72 14
72 15
72 16
72 17
72 18
72 19
72 20
72 21
72 22
72 23
72 24
72 25
72 26
72 27
72 28
72 29
72 30
72 31
72 32
72 33
72 34
72 35
72 36
72 37
72 38
72 39
72 40
72 41
72 42
72 43
72 44
72 45
72 46
72 47
72 48
72 49
72 50
72 51
72 52
72 53
72 54
72 55
72 56
72 57
72 58
72 59
72 60
72 61
72 62
72 63
72 64
72 65
72 66
72 67
72 68
72 69
72 70
72 71
74 1
74 2
74 3
74 4
74 5
74 6
74 7
74 8
74 9
74 10
74 11
74 12
74 13
74 14
74 15
74 16
74 17
74 18
74 19
74 20
74 21
74 22
74 23
74 24
74 25
74 26
74 27
74 28
74 29
74 30
74 31
74 32
74 33
74 34
74 35
74 36
74 37
74 38
74 39
74 40
74 41
74 42
74 43
74 44
74 45
74 46
74 47
74 48
74 49
74 50
74 51
74 52
74 53
74 54
74 55
74 56
74 57
74 58
74 59
74 60
74 61
74 62
74 63
74 64
74 65
74 66
74 67
74 68
74 69
74 70
74 71
74 72
74 73
76 1
76 2
76 3
76 4
76 5
76 6
76 7
76 8
76 9
76 10
76 11
76 12
76 13
76 14
76 15
76 16
76 17
76 18
76 19
76 20
76 21
76 22
76 23
76 24
76 25
76 26
76 27
76 28
76 29
76 30
76 31
76 32
76 33
76 34
76 35
76 36
76 37
76 38
76 39
76 40
76 41
76 42
76 43
76 44
76 45
76 46
76 47
76 48
76 49
76 50
76 51
76 52
76 53
76 54
76 55
76 56
76 57
76 58
76 59
76 60
76 61
76 62
76 63
76 64
76 65
76 66
76 67
76 68
76 69
76 70
76 71
76 72
76 73
76 74
76 75
78 1
78 2
78 3
78 4
78 5
78 6
78 7
78 8
78 9
78 10
78 11
78 12
78 13
78 14
78 15
78 16
78 17
78 18
78 19
78 20
78 21
78 22
78 23
78 24
78 25
78 26
78 27
78 28
78 29
78 30
78 31
78 32
78 33
78 34
78 35
78 36
78 37
78 38
78 39
78 40
78 41
78 42
78 43
78 44
78 45
78 46
78 47
78 48
78 49
78 50
78 51
78 52
78 53
78 54
78 55
78 56
78 57
78 58
78 59
78 60
78 61
78 62
78 63
78 64
78 65
78 66
78 67
78 68
78 69
78 70
78 71
78 72
78 73
78 74
78 75
78 76
78 77
80 1
80 2
80 3
80 4
80 5
80 6
80 7
80 8
80 9
80 10
80 11
80 12
80 13
80 14
80 15
80 16
80 17
80 18
80 19
80 20
80 21
80 22
80 23
80 24
80 25
80 26
80 27
80 28
80 29
80 30
80 31
80 32
80 33
80 34
80 35
80 36
80 37
80 38
80 39
80 40
80 41
80 42
80 43
80 44
80 45
80 46
80 47
80 48
80 49
80 50
80 51
80 52
80 53
80 54
80 55
80 56
80 57
80 58
80 59
80 60
80 61
80 62
80 63
80 64
80 65
80 66
80 67
80 68
80 69
80 70
80 71
80 72
80 73
80 74
80 75
80 76
80 77
80 78
80 79
82 1
82 2
82 3
82 4
82 5
82 6
82 7
82 8
82 9
82 10
82 11
82 12
82 13
82 14
82 15
82 16
82 17
82 18
82 19
82 20
82 21
82 22
82 23
82 24
82 25
82 26
82 27
82 28
82 29
82 30
82 31
82 32
82 33
82 34
82 35
82 36
82 37
82 38
82 39
82 40
82 41
82 42
82 43
82 44
82 45
82 46
82 47
82 48
82 49
82 50
82 51
82 52
82 53
82 54
82 55
82 56
82 57
82 58
82 59
82 60
82 61
82 62
82 63
82 64
82 65
82 66
82 67
82 68
82 69
82 70
82 71
82 72
82 73
82 74
82 75
82 76
82 77
82 78
82 79
82 80
82 81
84 1
84 2
84 3
84 4
84 5
84 6
84 7
84 8
84 9
84 10
84 11
84 12
84 13
84 14
84 15
84 16
84 17
84 18
84 19
84 20
84 21
84 22
84 23
84 24
84 25
84 26
84 27
84 28
84 29
84 30
84 31
84 32
84 33
84 34
84 35
84 36
84 37
84 38
84 39
84 40
84 41
84 42
84 43
84 44
84 45
84 46
84 47
84 48
84 49
84 50
84 51
84 52
84 53
84 54
84 55
84 56
84 57
84 58
84 59
84 60
84 61
84 62
84 63
84 64
84 65
84 66
84 67
84 68
84 69
84 70
84 71
84 72
84 73
84 74
84 75
84 76
84 77
84 78
84 79
84 80
84 81
84 82
84 83
86 1
86 2
86 3
86 4
86 5
86 6
86 7
86 8
86 9
86 10
86 11
86 12
86 13
86 14
86 15
86 16
86 17
86 18
86 19
86 20
86 21
86 22
86 23
86 24
86 25
86 26
86 27
86 28
86 29
86 30
86 31
86 32
86 33
86 34
86 35
86 36
86 37
86 38
86 39
86 40
86 41
86 42
86 43
86 44
86 45
86 46
86 47
86 48
86 49
86 50
86 51
86 52
86 53
86 54
86 55
86 56
86 57
86 58
86 59
86 60
86 61
86 62
86 63
86 64
86 65
86 66
86 67
86 68
86 69
86 70
86 71
86 72
86 73
86 74
86 75
86 76
86 77
86 78
86 79
86 80
86 81
86 82
86 83
86 84
86 85
88 1
88 2
88 3
88 4
88 5
88 6
88 7
88 8
88 9
88 10
88 11
88 12
88 13
88 14
88 15
88 16
88 17
88 18
88 19
88 20
88 21
88 22
88 23
88 24
88 25
88 26
88 27
88 28
88 29
88 30
88 31
88 32
88 33
88 34
88 35
88 36
88 37
88 38
88 39
88 40
88 41
88 42
88 43
88 44
88 45
88 46
88 47
88 48
88 49
88 50
88 51
88 52
88 53
88 54
88 55
88 56
88 57
88 58
88 59
88 60
88 61
88 62
88 63
88 64
88 65
88 66
88 67
88 68
88 69
88 70
88 71
88 72
88 73
88 74
88 75
88 76
88 77
88 78
88 79
88 80
88 81
88 82
88 83
88 84
88 85
88 86
88 87
90 1
90 2
90 3
90 4
90 5
90 6
90 7
90 8
90 9
90 10
90 11
90 12
90 13
90 14
90 15
90 16
90 17
90 18
90 19
90 20
90 21
90 22
90 23
90 24
90 25
90 26
90 27
90 28
90 29
90 30
90 31
90 32
90 33
90 34
90 35
90 36
90 37
90 38
90 39
90 40
90 41
90 42
90 43
90 44
90 45
90 46
90 47
90 48
90 49
90 50
90 51
90 52
90 53
90 54
90 55
90 56
90 57
90 58
90 59
90 60
90 61
90 62
90 63
90 64
90 65
90 66
90 67
90 68
90 69
90 70
90 71
90 72
90 73
90 74
90 75
90 76
90 77
90 78
90 79
90 80
90 81
90 82
90 83
90 84
90 85
90 86
90 87
90 88
90 89
92 1
92 2
92 3
92 4
92 5
92 6
92 7
92 8
92 9
92 10
92 11
92 12
92 13
92 14
92 15
92 16
92 17
92 18
92 19
92 20
92 21
92 22
92 23
92 24
92 25
92 26
92 27
92 28
92 29
92 30
92 31
92 32
92 33
92 34
92 35
92 36
92 37
92 38
92 39
92 40
92 41
92 42
92 43
92 44
92 45
92 46
92 47
92 48
92 49
92 50
92 51
92 52
92 53
92 54
92 55
92 56
92 57
92 58
92 59
92 60
92 61
92 62
92 63
92 64
92 65
92 66
92 67
92 68
92 69
92 70
92 71
92 72
92 73
92 74
92 75
92 76
92 77
92 78
92 79
92 80
92 81
92 82
92 83
92 84
92 85
92 86
92 87
92 88
92 89
92 90
92 91
94 1
94 2
94 3
94 4
94 5
94 6
94 7
94 8
94 9
94 10
94 11
94 12
94 13
94 14
94 15
94 16
94 17
94 18
94 19
94 20
94 21
94 22
94 23
94 24
94 25
94 26
94 27
94 28
94 29
94 30
94 31
94 32
94 33
94 34
94 35
94 36
94 37
94 38
94 39
94 40
94 41
94 42
94 43
94 44
94 45
94 46
94 47
94 48
94 49
94 50
94 51
94 52
94 53
94 54
94 55
94 56
94 57
94 58
94 59
94 60
94 61
94 62
94 63
94 64
94 65
94 66
94 67
94 68
94 69
94 70
94 71
94 72
94 73
94 74
94 75
94 76
94 77
94 78
94 79
94 80
94 81
94 82
94 83
94 84
94 85
94 86
94 87
94 88
94 89
94 90
94 91
94 92
94 93
96 1
96 2
96 3
96 4
96 5
96 6
96 7
96 8
96 9
96 10
96 11
96 12
96 13
96 14
96 15
96 16
96 17
96 18
96 19
96 20
96 21
96 22
96 23
96 24
96 25
96 26
96 27
96 28
96 29
96 30
96 31
96 32
96 33
96 34
96 35
96 36
96 37
96 38
96 39
96 40
96 41
96 42
96 43
96 44
96 45
96 46
96 47
96 48
96 49
96 50
96 51
96 52
96 53
96 54
96 55
96 56
96 57
96 58
96 59
96 60
96 61
96 62
96 63
96 64
96 65
96 66
96 67
96 68
96 69
96 70
96 71
96 72
96 73
96 74
96 75
96 76
96 77
96 78
96 79
96 80
96 81
96 82
96 83
96 84
96 85
96 86
96 87
96 88
96 89
96 90
96 91
96 92
96 93
96 94
96 95
98 1
98 2
98 3
98 4
98 5
98 6
98 7
98 8
98 9
98 10
98 11
98 12
98 13
98 14
98 15
98 16
98 17
98 18
98 19
98 20
98 21
98 22
98 23
98 24
98 25
98 26
98 27
98 28
98 29
98 30
98 31
98 32
98 33
98 34
98 35
98 36
98 37
98 38
98 39
98 40
98 41
98 42
98 43
98 44
98 45
98 46
98 47
98 48
98 49
98 50
98 51
98 52
98 53
98 54
98 55
98 56
98 57
98 58
98 59
98 60
98 61
98 62
98 63
98 64
98 65
98 66
98 67
98 68
98 69
98 70
98 71
98 72
98 73
98 74
98 75
98 76
98 77
98 78
98 79
98 80
98 81
98 82
98 83
98 84
98 85
98 86
98 87
98 88
98 89
98 90
98 91
98 92
98 93
98 94
98 95
98 96
98 97
100 1
100 2
100 3
100 4
100 5
100 6
100 7
100 8
100 9
100 10
100 11
100 12
100 13
100 14
100 15
100 16
100 17
100 18
100 19
100 20
100 21
100 22
100 23
100 24
100 25
100 26
100 27
100 28
100 29
100 30
100 31
100 32
100 33
100 34
100 35
100 36
100 37
100 38
100 39
100 40
100 41
100 42
100 43
100 44
100 45
100 46
100 47
100 48
100 49
100 50
100 51
100 52
100 53
100 54
100 55
100 56
100 57
100 58
100 59
100 60
100 61
100 62
100 63
100 64
100 65
100 66
100 67
100 68
100 69
100 70
100 71
100 72
100 73
100 74
100 75
100 76
100 77
100 78
100 79
100 80
100 81
100 82
100 83
100 84
100 85
100 86
100 87
100 88
100 89
100 90
100 91
100 92
100 93
100 94
100 95
100 96
100 97
100 98
100 99
102 1
102 2
102 3
102 4
102 5
102 6
102 7
102 8
102 9
102 10
102 11
102 12
102 13
102 14
102 15
102 16
102 17
102 18
102 19
102 20
102 21
102 22
102 23
102 24
102 25
102 26
102 27
102 28
102 29
102 30
102 31
102 32
102 33
102 34
102 35
102 36
102 37
102 38
102 39
102 40
102 41
102 42
102 43
102 44
102 45
102 46
102 47
102 48
102 49
102 50
102 51
102 52
102 53
102 54
102 55
102 56
102 57
102 58
102 59
102 60
102 61
102 62
102 63
102 64
102 65
102 66
102 67
102 68
102 69
102 70
102 71
102 72
102 73
102 74
102 75
102 76
102 77
102 78
102 79
102 80
102 81
102 82
102 83
102 84
102 85
102 86
102 87
102 88
102 89
102 90
102 91
102 92
102 93
102 94
102 95
102 96
102 97
102 98
102 99
102 100
102 101
104 1
104 2
104 3
104 4
104 5
104 6
104 7
104 8
104 9
104 10
104 11
104 12
104 13
104 14
104 15
104 16
104 17
104 18
104 19
104 20
104 21
104 22
104 23
104 24
104 25
104 26
104 27
104 28
104 29
104 30
104 31
104 32
104 33
104 34
104 35
104 36
104 37
104 38
104 39
104 40
104 41
104 42
104 43
104 44
104 45
104 46
104 47
104 48
104 49
104 50
104 51
104 52
104 53
104 54
104 55
104 56
104 57
104 58
104 59
104 60
104 61
104 62
104 63
104 64
104 65
104 66
104 67
104 68
104 69
104 70
104 71
104 72
104 73
104 74
104 75
104 76
104 77
104 78
104 79
104 80
104 81
104 82
104 83
104 84
104 85
104 86
104 87
104 88
104 89
104 90
104 91
104 92
104 93
104 94
104 95
104 96
104 97
104 98
104 99
104 100
104 101
104 102
104 103
106 1
106 2
106 3
106 4
106 5
106 6
106 7
106 8
106 9
106 10
106 11
106 12
106 13
106 14
106 15
106 16
106 17
106 18
106 19
106 20
106 21
106 22
106 23
106 24
106 25
106 26
106 27
106 28
106 29
106 30
106 31
106 32
106 33
106 34
106 35
106 36
106 37
106 38
106 39
106 40
106 41
106 42
106 43
106 44
106 45
106 46
106 47
106 48
106 49
106 50
106 51
106 52
106 53
106 54
106 55
106 56
106 57
106 58
106 59
106 60
106 61
106 62
106 63
106 64
106 65
106 66
106 67
106 68
106 69
106 70
106 71
106 72
106 73
106 74
106 75
106 76
106 77
106 78
106 79
106 80
106 81
106 82
106 83
106 84
106 85
106 86
106 87
106 88
106 89
106 90
106 91
106 92
106 93
106 94
106 95
106 96
106 97
106 98
106 99
106 100
106 101
106 102
106 103
106 104
106 105
108 1
108 2
108 3
108 4
108 5
108 6
108 7
108 8
108 9
108 10
108 11
108 12
108 13
108 14
108 15
108 16
108 17
108 18
108 19
108 20
108 21
108 22
108 23
108 24
108 25
108 26
108 27
108 28
108 29
108 30
108 31
108 32
108 33
108 34
108 35
108 36
108 37
108 38
108 39
108 40
108 41
108 42
108 43
108 44
108 45
108 46
108 47
108 48
108 49
108 50
108 51
108 52
108 53
108 54
108 55
108 56
108 57
108 58
108 59
108 60
108 61
108 62
108 63
108 64
108 65
108 66
108 67
108 68
108 69
108 70
108 71
108 72
108 73
108 74
108 75
108 76
108 77
108 78
108 79
108 80
108 81
108 82
108 83
108 84
108 85
108 86
108 87
108 88
108 89
108 90
108 91
108 92
108 93
108 94
108 95
108 96
108 97
108 98
108 99
108 100
108 101
108 102
108 103
108 104
108 105
108 106
108 107
110 1
110 2
110 3
110 4
110 5
110 6
110 7
110 8
110 9
110 10
110 11
110 12
110 13
110 14
110 15
110 16
110 17
110 18
110 19
110 20
110 21
110 22
110 23
110 24
110 25
110 26
110 27
110 28
110 29
110 30
110 31
110 32
110 33
110 34
110 35
110 36
110 37
110 38
110 39
110 40
110 41
110 42
110 43
110 44
110 45
110 46
110 47
110 48
110 49
110 50
110 51
110 52
110 53
110 54
110 55
110 56
110 57
110 58
110 59
110 60
110 61
110 62
110 63
110 64
110 65
110 66
110 67
110 68
110 69
110 70
110 71
110 72
110 73
110 74
110 75
110 76
110 77
110 78
110 79
110 80
110 81
110 82
110 83
110 84
110 85
110 86
110 87
110 88
110 89
110 90
110 91
110 92
110 93
110 94
110 95
110 96
110 97
110 98
110 99
110 100
110 101
110 102
110 103
110 104
110 105
110 106
110 107
110 108
110 109
112 1
112 2
112 3
112 4
112 5
112 6
112 7
112 8
112 9
112 10
112 11
112 12
112 13
112 14
112 15
112 16
112 17
112 18
112 19
112 20
112 21
112 22
112 23
112 24
112 25
112 26
112 27
112 28
112 29
112 30
112 31
112 32
112 33
112 34
112 35
112 36
112 37
112 38
112 39
112 40
112 41
112 42
112 43
112 44
112 45
112 46
112 47
112 48
112 49
112 50
112 51
112 52
112 53
112 54
112 55
112 56
112 57
112 58
112 59
112 60
112 61
112 62
112 63
112 64
112 65
112 66
112 67
112 68
112 69
112 70
112 71
112 72
112 73
112 74
112 75
112 76
112 77
112 78
112 79
112 80
112 81
112 82
112 83
112 84
112 85
112 86
112 87
112 88
112 89
112 90
112 91
112 92
112 93
112 94
112 95
112 96
112 97
112 98
112 99
112 100
112 101
112 102
112 103
112 104
112 105
112 106
112 107
112 108
112 109
112 110
112 111
114 1
114 2
114 3
114 4
114 5
114 6
114 7
114 8
114 9
114 10
114 11
114 12
114 13
114 14
114 15
114 16
114 17
114 18
114 19
114 20
114 21
114 22
114 23
114 24
114 25
114 26
114 27
114 28
114 29
114 30
114 31
114 32
114 33
114 34
114 35
114 36
114 37
114 38
114 39
114 40
114 41
114 42
114 43
114 44
114 45
114 46
114 47
114 48
114 49
114 50
114 51
114 52
114 53
114 54
114 55
114 56
114 57
114 58
114 59
114 60
114 61
114 62
114 63
114 64
114 65
114 66
114 67
114 68
114 69
114 70
114 71
114 72
114 73
114 74
114 75
114 76
114 77
114 78
114 79
114 80
114 81
114 82
114 83
114 84
114 85
114 86
114 87
114 88
114 89
114 90
114 91
114 92
114 93
114 94
114 95
114 96
114 97
114 98
114 99
114 100
114 101
114 102
114 103
114 104
114 105
114 106
114 107
114 108
114 109
114 110
114 111
114 112
114 113
116 1
116 2
116 3
116 4
116 5
116 6
116 7
116 8
116 9
116 10
116 11
116 12
116 13
116 14
116 15
116 16
116 17
116 18
116 19
116 20
116 21
116 22
116 23
116 24
116 25
116 26
116 27
116 28
116 29
116 30
116 31
116 32
116 33
116 34
116 35
116 36
116 37
116 38
116 39
116 40
116 41
116 42
116 43
116 44
116 45
116 46
116 47
116 48
116 49
116 50
116 51
116 52
116 53
116 54
116 55
116 56
116 57
116 58
116 59
116 60
116 61
116 62
116 63
116 64
116 65
116 66
116 67
116 68
116 69
116 70
116 71
116 72
116 73
116 74
116 75
116 76
116 77
116 78
116 79
116 80
116 81
116 82
116 83
116 84
116 85
116 86
116 87
116 88
116 89
116 90
116 91
116 92
116 93
116 94
116 95
116 96
116 97
116 98
116 99
116 100
116 101
116 102
116 103
116 104
116 105
116 106
116 107
116 108
116 109
116 110
116 111
116 112
116 113
116 114
116 115
118 1
118 2
118 3
118 4
118 5
118 6
118 7
118 8
118 9
118 10
118 11
118 12
118 13
118 14
118 15
118 16
118 17
118 18
118 19
118 20
118 21
118 22
118 23
118 24
118 25
118 26
118 27
118 28
118 29
118 30
118 31
118 32
118 33
118 34
118 35
118 36
118 37
118 38
118 39
118 40
118 41
118 42
118 43
118 44
118 45
118 46
118 47
118 48
118 49
118 50
118 51
118 52
118 53
118 54
118 55
118 56
118 57
118 58
118 59
118 60
118 61
118 62
118 63
118 64
118 65
118 66
118 67
118 68
118 69
118 70
118 71
118 72
118 73
118 74
118 75
118 76
118 77
118 78
118 79
118 80
118 81
118 82
118 83
118 84
118 85
118 86
118 87
118 88
118 89
118 90
118 91
118 92
118 93
118 94
118 95
118 96
118 97
118 98
118 99
118 100
118 101
118 102
118 103
118 104
118 105
118 106
118 107
118 108
118 109
118 110
118 111
118 112
118 113
118 114
118 115
118 116
118 117
120 1
120 2
120 3
120 4
120 5
120 6
120 7
120 8
120 9
120 10
120 11
120 12
120 13
120 14
120 15
120 16
120 17
120 18
120 19
120 20
120 21
120 22
120 23
120 24
120 25
120 26
120 27
120 28
120 29
120 30
120 31
120 32
120 33
120 34
120 35
120 36
120 37
120 38
120 39
120 40
120 41
120 42
120 43
120 44
120 45
120 46
120 47
120 48
120 49
120 50
120 51
120 52
120 53
120 54
120 55
120 56
120 57
120 58
120 59
120 60
120 61
120 62
120 63
120 64
120 65
120 66
120 67
120 68
120 69
120 70
120 71
120 72
120 73
120 74
120 75
120 76
120 77
120 78
120 79
120 80
120 81
120 82
120 83
120 84
120 85
120 86
120 87
120 88
120 89
120 90
120 91
120 92
120 93
120 94
120 95
120 96
120 97
120 98
120 99
120 100
120 101
120 102
120 103
120 104
120 105
120 106
120 107
120 108
120 109
120 110
120 111
120 112
120 113
120 114
120 115
120 116
120 117
120 118
120 119
122 1
122 2
122 3
122 4
122 5
122 6
122 7
122 8
122 9
122 10
122 11
122 12
122 13
122 14
122 15
122 16
122 17
122 18
122 19
122 20
122 21
122 22
122 23
122 24
122 25
122 26
122 27
122 28
122 29
122 30
122 31
122 32
122 33
122 34
122 35
122 36
122 37
122 38
122 39
122 40
122 41
122 42
122 43
122 44
122 45
122 46
122 47
122 48
122 49
122 50
122 51
122 52
122 53
122 54
122 55
122 56
122 57
122 58
122 59
122 60
122 61
122 62
122 63
122 64
122 65
122 66
122 67
122 68
122 69
122 70
122 71
122 72
122 73
122 74
122 75
122 76
122 77
122 78
122 79
122 80
122 81
122 82
122 83
122 84
122 85
122 86
122 87
122 88
122 89
122 90
122 91
122 92
122 93
122 94
122 95
122 96
122 97
122 98
122 99
122 100
122 101
122 102
122 103
122 104
122 105
122 106
122 107
122 108
122 109
122 110
122 111
122 112
122 113
122 114
122 115
122 116
122 117
122 118
122 119
122 120
122 121
124 1
124 2
124 3
124 4
124 5
124 6
124 7
124 8
124 9
124 10
124 11
124 12
124 13
124 14
124 15
124 16
124 17
124 18
124 19
124 20
124 21
124 22
124 23
124 24
124 25
124 26
124 27
124 28
124 29
124 30
124 31
124 32
124 33
124 34
124 35
124 36
124 37
124 38
124 39
124 40
124 41
124 42
124 43
124 44
124 45
124 46
124 47
124 48
124 49
124 50
124 51
124 52
124 53
124 54
124 55
124 56
124 57
124 58
124 59
124 60
124 61
124 62
124 63
124 64
124 65
124 66
124 67
124 68
124 69
124 70
124 71
124 72
124 73
124 74
124 75
124 76
124 77
124 78
124 79
124 80
124 81
124 82
124 83
124 84
124 85
124 86
124 87
124 88
124 89
124 90
124 91
124 92
124 93
124 94
124 95
124 96
124 97
124 98
124 99
124 100
124 101
124 102
124 103
124 104
124 105
124 106
124 107
124 108
124 109
124 110
124 111
124 112
124 113
124 114
124 115
124 116
124 117
124 118
124 119
124 120
124 121
124 122
124 123
126 1
126 2
126 3
126 4
126 5
126 6
126 7
126 8
126 9
126 10
126 11
126 12
126 13
126 14
126 15
126 16
126 17
126 18
126 19
126 20
126 21
126 22
126 23
126 24
126 25
126 26
126 27
126 28
126 29
126 30
126 31
126 32
126 33
126 34
126 35
126 36
126 37
126 38
126 39
126 40
126 41
126 42
126 43
126 44
126 45
126 46
126 47
126 48
126 49
126 50
126 51
126 52
126 53
126 54
126 55
126 56
126 57
126 58
126 59
126 60
126 61
126 62
126 63
126 64
126 65
126 66
126 67
126 68
126 69
126 70
126 71
126 72
126 73
126 74
126 75
126 76
126 77
126 78
126 79
126 80
126 81
126 82
126 83
126 84
126 85
126 86
126 87
126 88
126 89
126 90
126 91
126 92
126 93
126 94
126 95
126 96
126 97
126 98
126 99
126 100
126 101
126 102
126 103
126 104
126 105
126 106
126 107
126 108
126 109
126 110
126 111
126 112
126 113
126 114
126 115
126 116
126 117
126 118
126 119
126 120
126 121
126 122
126 123
126 124
126 125
128 1
128 2
128 3
128 4
128 5
128 6
128 7
128 8
128 9
128 10
128 11
128 12
128 13
128 14
128 15
128 16
128 17
128 18
128 19
128 20
128 21
128 22
128 23
128 24
128 25
128 26
128 27
128 28
128 29
128 30
128 31
128 32
128 33
128 34
128 35
128 36
128 37
128 38
128 39
128 40
128 41
128 42
128 43
128 44
128 45
128 46
128 47
128 48
128 49
128 50
128 51
128 52
128 53
128 54
128 55
128 56
128 57
128 58
128 59
128 60
128 61
128 62
128 63
128 64
128 65
128 66
128 67
128 68
128 69
128 70
128 71
128 72
128 73
128 74
128 75
128 76
128 77
128 78
128 79
128 80
128 81
128 82
128 83
128 84
128 85
128 86
128 87
128 88
128 89
128 90
128 91
128 92
128 93
128 94
128 95
128 96
128 97
128 98
128 99
128 100
128 101
128 102
128 103
128 104
128 105
128 106
128 107
128 108
128 109
128 110
128 111
128 112
128 113
128 114
128 115
128 116
128 117
128 118
128 119
128 120
128 121
128 122
128 123
128 124
128 125
128 126
128 127
130 1
130 2
130 3
130 4
130 5
130 6
130 7
130 8
130 9
130 10
130 11
130 12
130 13
130 14
130 15
130 16
130 17
130 18
130 19
130 20
130 21
130 22
130 23
130 24
130 25
130 26
130 27
130 28
130 29
130 30
130 31
130 32
130 33
130 34
130 35
130 36
130 37
130 38
130 39
130 40
130 41
130 42
130 43
130 44
130 45
130 46
130 47
130 48
130 49
130 50
130 51
130 52
130 53
130 54
130 55
130 56
130 57
130 58
130 59
130 60
130 61
130 62
130 63
130 64
130 65
130 66
130 67
130 68
130 69
130 70
130 71
130 72
130 73
130 74
130 75
130 76
130 77
130 78
130 79
130 80
130 81
130 82
130 83
130 84
130 85
130 86
130 87
130 88
130 89
130 90
130 91
130 92
130 93
130 94
130 95
130 96
130 97
130 98
130 99
130 100
130 101
130 102
130 103
130 104
130 105
130 106
130 107
130 108
130 109
130 110
130 111
130 112
130 113
130 114
130 115
130 116
130 117
130 118
130 119
130 120
130 121
130 122
130 123
130 124
130 125
130 126
130 127
130 128
130 129
132 1
132 2
132 3
132 4
132 5
132 6
132 7
132 8
132 9
132 10
132 11
132 12
132 13
132 14
132 15
132 16
132 17
132 18
132 19
132 20
132 21
132 22
132 23
132 24
132 25
132 26
132 27
132 28
132 29
132 30
132 31
132 32
132 33
132 34
132 35
132 36
132 37
132 38
132 39
132 40
132 41
132 42
132 43
132 44
132 45
132 46
132 47
132 48
132 49
132 50
132 51
132 52
132 53
132 54
132 55
132 56
132 57
132 58
132 59
132 60
132 61
132 62
132 63
132 64
132 65
132 66
132 67
132 68
132 69
132 70
132 71
132 72
132 73
132 74
132 75
132 76
132 77
132 78
132 79
132 80
132 81
132 82
132 83
132 84
132 85
132 86
132 87
132 88
132 89
132 90
132 91
132 92
132 93
132 94
132 95
132 96
132 97
132 98
132 99
132 100
132 101
132 102
132 103
132 104
132 105
132 106
132 107
132 108
132 109
132 110
132 111
132 112
132 113
132 114
132 115
132 116
132 117
132 118
132 119
132 120
132 121
132 122
132 123
132 124
132 125
132 126
132 127
132 128
132 129
132 130
132 131
134 1
134 2
134 3
134 4
134 5
134 6
134 7
134 8
134 9
134 10
134 11
134 12
134 13
134 14
134 15
134 16
134 17
134 18
134 19
134 20
134 21
134 22
134 23
134 24
134 25
134 26
134 27
134 28
134 29
134 30
134 31
134 32
134 33
134 34
134 35
134 36
134 37
134 38
134 39
134 40
134 41
134 42
134 43
134 44
134 45
134 46
134 47
134 48
134 49
134 50
134 51
134 52
134 53
134 54
134 55
134 56
134 57
134 58
134 59
134 60
134 61
134 62
134 63
134 64
134 65
134 66
134 67
134 68
134 69
134 70
134 71
134 72
134 73
134 74
134 75
134 76
134 77
134 78
134 79
134 80
134 81
134 82
134 83
134 84
134 85
134 86
134 87
134 88
134 89
134 90
134 91
134 92
134 93
134 94
134 95
134 96
134 97
134 98
134 99
134 100
134 101
134 102
134 103
134 104
134 105
134 106
134 107
134 108
134 109
134 110
134 111
134 112
134 113
134 114
134 115
134 116
134 117
134 118
134 119
134 120
134 121
134 122
134 123
134 124
134 125
134 126
134 127
134 128
134 129
134 130
134 131
134 132
134 133
136 1
136 2
136 3
136 4
136 5
136 6
136 7
136 8
136 9
136 10
136 11
136 12
136 13
136 14
136 15
136 16
136 17
136 18
136 19
136 20
136 21
136 22
136 23
136 24
136 25
136 26
136 27
136 28
136 29
136 30
136 31
136 32
136 33
136 34
136 35
136 36
136 37
136 38
136 39
136 40
136 41
136 42
136 43
136 44
136 45
136 46
136 47
136 48
136 49
136 50
136 51
136 52
136 53
136 54
136 55
136 56
136 57
136 58
136 59
136 60
136 61
136 62
136 63
136 64
136 65
136 66
136 67
136 68
136 69
136 70
136 71
136 72
136 73
136 74
136 75
136 76
136 77
136 78
136 79
136 80
136 81
136 82
136 83
136 84
136 85
136 86
136 87
136 88
136 89
136 90
136 91
136 92
136 93
136 94
136 95
136 96
136 97
136 98
136 99
136 100
136 101
136 102
136 103
136 104
136 105
136 106
136 107
136 108
136 109
136 110
136 111
136 112
136 113
136 114
136 115
136 116
136 117
136 118
136 119
136 120
136 121
136 122
136 123
136 124
136 125
136 126
136 127
136 128
136 129
136 130
136 131
136 132
136 133
136 134
136 135
138 1
138 2
138 3
138 4
138 5
138 6
138 7
138 8
138 9
138 10
138 11
138 12
138 13
138 14
138 15
138 16
138 17
138 18
138 19
138 20
138 21
138 22
138 23
138 24
138 25
138 26
138 27
138 28
138 29
138 30
138 31
138 32
138 33
138 34
138 35
138 36
138 37
138 38
138 39
138 40
138 41
138 42
138 43
138 44
138 45
138 46
138 47
138 48
138 49
138 50
138 51
138 52
138 53
138 54
138 55
138 56
138 57
138 58
138 59
138 60
138 61
138 62
138 63
138 64
138 65
138 66
138 67
138 68
138 69
138 70
138 71
138 72
138 73
138 74
138 75
138 76
138 77
138 78
138 79
138 80
138 81
138 82
138 83
138 84
138 85
138 86
138 87
138 88
138 89
138 90
138 91
138 92
138 93
138 94
138 95
138 96
138 97
138 98
138 99
138 100
138 101
138 102
138 103
138 104
138 105
138 106
138 107
138 108
138 109
138 110
138 111
138 112
138 113
138 114
138 115
138 116
138 117
138 118
138 119
138 120
138 121
138 122
138 123
138 124
138 125
138 126
138 127
138 128
138 129
138 130
138 131
138 132
138 133
138 134
138 135
138 136
138 137
140 1
140 2
140 3
140 4
140 5
140 6
140 7
140 8
140 9
140 10
140 11
140 12
140 13
140 14
140 15
140 16
140 17
140 18
140 19
140 20
140 21
140 22
140 23
140 24
140 25
140 26
140 27
140 28
140 29
140 30
140 31
140 32
140 33
140 34
140 35
140 36
140 37
140 38
140 39
140 40
140 41
140 42
140 43
140 44
140 45
140 46
140 47
140 48
140 49
140 50
140 51
140 52
140 53
140 54
140 55
140 56
140 57
140 58
140 59
140 60
140 61
140 62
140 63
140 64
140 65
140 66
140 67
140 68
140 69
140 70
140 71
140 72
140 73
140 74
140 75
140 76
140 77
140 78
140 79
140 80
140 81
140 82
140 83
140 84
140 85
140 86
140 87
140 88
140 89
140 90
140 91
140 92
140 93
140 94
140 95
140 96
140 97
140 98
140 99
140 100
140 101
140 102
140 103
140 104
140 105
140 106
140 107
140 108
140 109
140 110
140 111
140 112
140 113
140 114
140 115
140 116
140 117
140 118
140 119
140 120
140 121
140 122
140 123
140 124
140 125
140 126
140 127
140 128
140 129
140 130
140 131
140 132
140 133
140 134
140 135
140 136
140 137
140 138
140 139
142 1
142 2
142 3
142 4
142 5
142 6
142 7
142 8
142 9
142 10
142 11
142 12
142 13
142 14
142 15
142 16
142 17
142 18
142 19
142 20
142 21
142 22
142 23
142 24
142 25
142 26
142 27
142 28
142 29
142 30
142 31
142 32
142 33
142 34
142 35
142 36
142 37
142 38
142 39
142 40
142 41
142 42
142 43
142 44
142 45
142 46
142 47
142 48
142 49
142 50
142 51
142 52
142 53
142 54
142 55
142 56
142 57
142 58
142 59
142 60
142 61
142 62
142 63
142 64
142 65
142 66
142 67
142 68
142 69
142 70
142 71
142 72
142 73
142 74
142 75
142 76
142 77
142 78
142 79
142 80
142 81
142 82
142 83
142 84
142 85
142 86
142 87
142 88
142 89
142 90
142 91
142 92
142 93
142 94
142 95
142 96
142 97
142 98
142 99
142 100
142 101
142 102
142 103
142 104
142 105
142 106
142 107
142 108
142 109
142 110
142 111
142 112
142 113
142 114
142 115
142 116
142 117
142 118
142 119
142 120
142 121
142 122
142 123
142 124
142 125
142 126
142 127
142 128
142 129
142 130
142 131
142 132
142 133
142 134
142 135
142 136
142 137
142 138
142 139
142 140
142 141
144 1
144 2
144 3
144 4
144 5
144 6
144 7
144 8
144 9
144 10
144 11
144 12
144 13
144 14
144 15
144 16
144 17
144 18
144 19
144 20
144 21
144 22
144 23
144 24
144 25
144 26
144 27
144 28
144 29
144 30
144 31
144 32
144 33
144 34
144 35
144 36
144 37
144 38
144 39
144 40
144 41
144 42
144 43
144 44
144 45
144 46
144 47
144 48
144 49
144 50
144 51
144 52
144 53
144 54
144 55
144 56
144 57
144 58
144 59
144 60
144 61
144 62
144 63
144 64
144 65
144 66
144 67
144 68
144 69
144 70
144 71
144 72
144 73
144 74
144 75
144 76
144 77
144 78
144 79
144 80
144 81
144 82
144 83
144 84
144 85
144 86
144 87
144 88
144 89
144 90
144 91
144 92
144 93
144 94
144 95
144 96
144 97
144 98
144 99
144 100
144 101
144 102
144 103
144 104
144 105
144 106
144 107
144 108
144 109
144 110
144 111
144 112
144 113
144 114
144 115
144 116
144 117
144 118
144 119
144 120
144 121
144 122
144 123
144 124
144 125
144 126
144 127
144 128
144 129
144 130
144 131
144 132
144 133
144 134
144 135
144 136
144 137
144 138
144 139
144 140
144 141
144 142
144 143
146 1
146 2
146 3
146 4
146 5
146 6
146 7
146 8
146 9
146 10
146 11
146 12
146 13
146 14
146 15
146 16
146 17
146 18
146 19
146 20
146 21
146 22
146 23
146 24
146 25
146 26
146 27
146 28
146 29
146 30
146 31
146 32
146 33
146 34
146 35
146 36
146 37
146 38
146 39
146 40
146 41
146 42
146 43
146 44
146 45
146 46
146 47
146 48
146 49
146 50
146 51
146 52
146 53
146 54
146 55
146 56
146 57
146 58
146 59
146 60
146 61
146 62
146 63
146 64
146 65
146 66
146 67
146 68
146 69
146 70
146 71
146 72
146 73
146 74
146 75
146 76
146 77
146 78
146 79
146 80
146 81
146 82
146 83
146 84
146 85
146 86
146 87
146 88
146 89
146 90
146 91
146 92
146 93
146 94
146 95
146 96
146 97
146 98
146 99
146 100
146 101
146 102
146 103
146 104
146 105
146 106
146 107
146 108
146 109
146 110
146 111
146 112
146 113
146 114
146 115
146 116
146 117
146 118
146 119
146 120
146 121
146 122
146 123
146 124
146 125
146 126
146 127
146 128
146 129
146 130
146 131
146 132
146 133
146 134
146 135
146 136
146 137
146 138
146 139
146 140
146 141
146 142
146 143
146 144
146 145
148 1
148 2
148 3
148 4
148 5
148 6
148 7
148 8
148 9
148 10
148 11
148 12
148 13
148 14
148 15
148 16
148 17
148 18
148 19
148 20
148 21
148 22
148 23
148 24
148 25
148 26
148 27
148 28
148 29
148 30
148 31
148 32
148 33
148 34
148 35
148 36
148 37
148 38
148 39
148 40
148 41
148 42
148 43
148 44
148 45
148 46
148 47
148 48
148 49
148 50
148 51
148 52
148 53
148 54
148 55
148 56
148 57
148 58
148 59
148 60
148 61
148 62
148 63
148 64
148 65
148 66
148 67
148 68
148 69
148 70
148 71
148 72
148 73
148 74
148 75
148 76
148 77
148 78
148 79
148 80
148 81
148 82
148 83
148 84
148 85
148 86
148 87
148 88
148 89
148 90
148 91
148 92
148 93
148 94
148 95
148 96
148 97
148 98
148 99
148 100
148 101
148 102
148 103
148 104
148 105
148 106
148 107
148 108
148 109
148 110
148 111
148 112
148 113
148 114
148 115
148 116
148 117
148 118
148 119
148 120
148 121
148 122
148 123
148 124
148 125
148 126
148 127
148 128
148 129
148 130
148 131
148 132
148 133
148 134
148 135
148 136
148 137
148 138
148 139
148 140
148 141
148 142
148 143
148 144
148 145
148 146
148 147
150 1
150 2
150 3
150 4
150 5
150 6
150 7
150 8
150 9
150 10
150 11
150 12
150 13
150 14
150 15
150 16
150 17
150 18
150 19
150 20
150 21
150 22
150 23
150 24
150 25
150 26
150 27
150 28
150 29
150 30
150 31
150 32
150 33
150 34
150 35
150 36
150 37
150 38
150 39
150 40
150 41
150 42
150 43
150 44
150 45
150 46
150 47
150 48
150 49
150 50
150 51
150 52
150 53
150 54
150 55
150 56
150 57
150 58
150 59
150 60
150 61
150 62
150 63
150 64
150 65
150 66
150 67
150 68
150 69
150 70
150 71
150 72
150 73
150 74
150 75
150 76
150 77
150 78
150 79
150 80
150 81
150 82
150 83
150 84
150 85
150 86
150 87
150 88
150 89
150 90
150 91
150 92
150 93
150 94
150 95
150 96
150 97
150 98
150 99
150 100
150 101
150 102
150 103
150 104
150 105
150 106
150 107
150 108
150 109
150 110
150 111
150 112
150 113
150 114
150 115
150 116
150 117
150 118
150 119
150 120
150 121
150 122
150 123
150 124
150 125
150 126
150 127
150 128
150 129
150 130
150 131
150 132
150 133
150 134
150 135
150 136
150 137
150 138
150 139
150 140
150 141
150 142
150 143
150 144
150 145
150 146
150 147
150 148
150 149
152 1
152 2
152 3
152 4
152 5
152 6
152 7
152 8
152 9
152 10
152 11
152 12
152 13
152 14
152 15
152 16
152 17
152 18
152 19
152 20
152 21
152 22
152 23
152 24
152 25
152 26
152 27
152 28
152 29
152 30
152 31
152 32
152 33
152 34
152 35
152 36
152 37
152 38
152 39
152 40
152 41
152 42
152 43
152 44
152 45
152 46
152 47
152 48
152 49
152 50
152 51
152 52
152 53
152 54
152 55
152 56
152 57
152 58
152 59
152 60
152 61
152 62
152 63
152 64
152 65
152 66
152 67
152 68
152 69
152 70
152 71
152 72
152 73
152 74
152 75
152 76
152 77
152 78
152 79
152 80
152 81
152 82
152 83
152 84
152 85
152 86
152 87
152 88
152 89
152 90
152 91
152 92
152 93
152 94
152 95
152 96
152 97
152 98
152 99
152 100
152 101
152 102
152 103
152 104
152 105
152 106
152 107
152 108
152 109
152 110
152 111
152 112
152 113
152 114
152 115
152 116
152 117
152 118
152 119
152 120
152 121
152 122
152 123
152 124
152 125
152 126
152 127
152 128
152 129
152 130
152 131
152 132
152 133
152 134
152 135
152 136
152 137
152 138
152 139
152 140
152 141
152 142
152 143
152 144
152 145
152 146
152 147
152 148
152 149
152 150
152 151
154 1
154 2
154 3
154 4
154 5
154 6
154 7
154 8
154 9
154 10
154 11
154 12
154 13
154 14
154 15
154 16
154 17
154 18
154 19
154 20
154 21
154 22
154 23
154 24
154 25
154 26
154 27
154 28
154 29
154 30
154 31
154 32
154 33
154 34
154 35
154 36
154 37
154 38
154 39
154 40
154 41
154 42
154 43
154 44
154 45
154 46
154 47
154 48
154 49
154 50
154 51
154 52
154 53
154 54
154 55
154 56
154 57
154 58
154 59
154 60
154 61
154 62
154 63
154 64
154 65
154 66
154 67
154 68
154 69
154 70
154 71
154 72
154 73
154 74
154 75
154 76
154 77
154 78
154 79
154 80
154 81
154 82
154 83
154 84
154 85
154 86
154 87
154 88
154 89
154 90
154 91
154 92
154 93
154 94
154 95
154 96
154 97
154 98
154 99
154 100
154 101
154 102
154 103
154 104
154 105
154 106
154 107
154 108
154 109
154 110
154 111
154 112
154 113
154 114
154 115
154 116
154 117
154 118
154 119
154 120
154 121
154 122
154 123
154 124
154 125
154 126
154 127
154 128
154 129
154 130
154 131
154 132
154 133
154 134
154 135
154 136
154 137
154 138
154 139
154 140
154 141
154 142
154 143
154 144
154 145
154 146
154 147
154 148
154 149
154 150
154 151
154 152
154 153
156 1
156 2
156 3
156 4
156 5
156 6
156 7
156 8
156 9
156 10
156 11
156 12
156 13
156 14
156 15
156 16
156 17
156 18
156 19
156 20
156 21
156 22
156 23
156 24
156 25
156 26
156 27
156 28
156 29
156 30
156 31
156 32
156 33
156 34
156 35
156 36
156 37
156 38
156 39
156 40
156 41
156 42
156 43
156 44
156 45
156 46
156 47
156 48
156 49
156 50
156 51
156 52
156 53
156 54
156 55
156 56
156 57
156 58
156 59
156 60
156 61
156 62
156 63
156 64
156 65
156 66
156 67
156 68
156 69
156 70
156 71
156 72
156 73
156 74
156 75
156 76
156 77
156 78
156 79
156 80
156 81
156 82
156 83
156 84
156 85
156 86
156 87
156 88
156 89
156 90
156 91
156 92
156 93
156 94
156 95
156 96
156 97
156 98
156 99
156 100
156 101
156 102
156 103
156 104
156 105
156 106
156 107
156 108
156 109
156 110
156 111
156 112
156 113
156 114
156 115
156 116
156 117
156 118
156 119
156 120
156 121
156 122
156 123
156 124
156 125
156 126
156 127
156 128
156 129
156 130
156 131
156 132
156 133
156 134
156 135
156 136
156 137
156 138
156 139
156 140
156 141
156 142
156 143
156 144
156 145
156 146
156 147
156 148
156 149
156 150
156 151
156 152
156 153
156 154
156 155
158 1
158 2
158 3
158 4
158 5
158 6
158 7
158 8
158 9
158 10
158 11
158 12
158 13
158 14
158 15
158 16
158 17
158 18
158 19
158 20
158 21
158 22
158 23
158 24
158 25
158 26
158 27
158 28
158 29
158 30
158 31
158 32
158 33
158 34
158 35
158 36
158 37
158 38
158 39
158 40
158 41
158 42
158 43
158 44
158 45
158 46
158 47
158 48
158 49
158 50
158 51
158 52
158 53
158 54
158 55
158 56
158 57
158 58
158 59
158 60
158 61
158 62
158 63
158 64
158 65
158 66
158 67
158 68
158 69
158 70
158 71
158 72
158 73
158 74
158 75
158 76
158 77
158 78
158 79
158 80
158 81
158 82
158 83
158 84
158 85
158 86
158 87
158 88
158 89
158 90
158 91
158 92
158 93
158 94
158 95
158 96
158 97
158 98
158 99
158 100
158 101
158 102
158 103
158 104
158 105
158 106
158 107
158 108
158 109
158 110
158 111
158 112
158 113
158 114
158 115
158 116
158 117
158 118
158 119
158 120
158 121
158 122
158 123
158 124
158 125
158 126
158 127
158 128
158 129
158 130
158 131
158 132
158 133
158 134
158 135
158 136
158 137
158 138
158 139
158 140
158 141
158 142
158 143
158 144
158 145
158 146
158 147
158 148
158 149
158 150
158 151
158 152
158 153
158 154
158 155
158 156
158 157
160 1
160 2
160 3
160 4
160 5
160 6
160 7
160 8
160 9
160 10
160 11
160 12
160 13
160 14
160 15
160 16
160 17
160 18
160 19
160 20
160 21
160 22
160 23
160 24
160 25
160 26
160 27
160 28
160 29
160 30
160 31
160 32
160 33
160 34
160 35
160 36
160 37
160 38
160 39
160 40
160 41
160 42
160 43
160 44
160 45
160 46
160 47
160 48
160 49
160 50
160 51
160 52
160 53
160 54
160 55
160 56
160 57
160 58
160 59
160 60
160 61
160 62
160 63
160 64
160 65
160 66
160 67
160 68
160 69
160 70
160 71
160 72
160 73
160 74
160 75
160 76
160 77
160 78
160 79
160 80
160 81
160 82
160 83
160 84
160 85
160 86
160 87
160 88
160 89
160 90
160 91
160 92
160 93
160 94
160 95
160 96
160 97
160 98
160 99
160 100
160 101
160 102
160 103
160 104
160 105
160 106
160 107
160 108
160 109
160 110
160 111
160 112
160 113
160 114
160 115
160 116
160 117
160 118
160 119
160 120
160 121
160 122
160 123
160 124
160 125
160 126
160 127
160 128
160 129
160 130
160 131
160 132
160 133
160 134
160 135
160 136
160 137
160 138
160 139
160 140
160 141
160 142
160 143
160 144
160 145
160 146
160 147
160 148
160 149
160 150
160 151
160 152
160 153
160 154
160 155
160 156
160 157
160 158
160 159
162 1
162 2
162 3
162 4
162 5
162 6
162 7
162 8
162 9
162 10
162 11
162 12
162 13
162 14
162 15
162 16
162 17
162 18
162 19
162 20
162 21
162 22
162 23
162 24
162 25
162 26
162 27
162 28
162 29
162 30
162 31
162 32
162 33
162 34
162 35
162 36
162 37
162 38
162 39
162 40
162 41
162 42
162 43
162 44
162 45
162 46
162 47
162 48
162 49
162 50
162 51
162 52
162 53
162 54
162 55
162 56
162 57
162 58
162 59
162 60
162 61
162 62
162 63
162 64
162 65
162 66
162 67
162 68
162 69
162 70
162 71
162 72
162 73
162 74
162 75
162 76
162 77
162 78
162 79
162 80
162 81
162 82
162 83
162 84
162 85
162 86
162 87
162 88
162 89
162 90
162 91
162 92
162 93
162 94
162 95
162 96
162 97
162 98
162 99
162 100
162 101
162 102
162 103
162 104
162 105
162 106
162 107
162 108
162 109
162 110
162 111
162 112
162 113
162 114
162 115
162 116
162 117
162 118
162 119
162 120
162 121
162 122
162 123
162 124
162 125
162 126
162 127
162 128
162 129
162 130
162 131
162 132
162 133
162 134
162 135
162 136
162 137
162 138
162 139
162 140
162 141
162 142
162 143
162 144
162 145
162 146
162 147
162 148
162 149
162 150
162 151
162 152
162 153
162 154
162 155
162 156
162 157
162 158
162 159
162 160
162 161
164 1
164 2
164 3
164 4
164 5
164 6
164 7
164 8
164 9
164 10
164 11
164 12
164 13
164 14
164 15
164 16
164 17
164 18
164 19
164 20
164 21
164 22
164 23
164 24
164 25
164 26
164 27
164 28
164 29
164 30
164 31
164 32
164 33
164 34
164 35
164 36
164 37
164 38
164 39
164 40
164 41
164 42
164 43
164 44
164 45
164 46
164 47
164 48
164 49
164 50
164 51
164 52
164 53
164 54
164 55
164 56
164 57
164 58
164 59
164 60
164 61
164 62
164 63
164 64
164 65
164 66
164 67
164 68
164 69
164 70
164 71
164 72
164 73
164 74
164 75
164 76
164 77
164 78
164 79
164 80
164 81
164 82
164 83
164 84
164 85
164 86
164 87
164 88
164 89
164 90
164 91
164 92
164 93
164 94
164 95
164 96
164 97
164 98
164 99
164 100
164 101
164 102
164 103
164 104
164 105
164 106
164 107
164 108
164 109
164 110
164 111
164 112
164 113
164 114
164 115
164 116
164 117
164 118
164 119
164 120
164 121
164 122
164 123
164 124
164 125
164 126
164 127
164 128
164 129
164 130
164 131
164 132
164 133
164 134
164 135
164 136
164 137
164 138
164 139
164 140
164 141
164 142
164 143
164 144
164 145
164 146
164 147
164 148
164 149
164 150
164 151
164 152
164 153
164 154
164 155
164 156
164 157
164 158
164 159
164 160
164 161
164 162
164 163
166 1
166 2
166 3
166 4
166 5
166 6
166 7
166 8
166 9
166 10
166 11
166 12
166 13
166 14
166 15
166 16
166 17
166 18
166 19
166 20
166 21
166 22
166 23
166 24
166 25
166 26
166 27
166 28
166 29
166 30
166 31
166 32
166 33
166 34
166 35
166 36
166 37
166 38
166 39
166 40
166 41
166 42
166 43
166 44
166 45
166 46
166 47
166 48
166 49
166 50
166 51
166 52
166 53
166 54
166 55
166 56
166 57
166 58
166 59
166 60
166 61
166 62
166 63
166 64
166 65
166 66
166 67
166 68
166 69
166 70
166 71
166 72
166 73
166 74
166 75
166 76
166 77
166 78
166 79
166 80
166 81
166 82
166 83
166 84
166 85
166 86
166 87
166 88
166 89
166 90
166 91
166 92
166 93
166 94
166 95
166 96
166 97
166 98
166 99
166 100
166 101
166 102
166 103
166 104
166 105
166 106
166 107
166 108
166 109
166 110
166 111
166 112
166 113
166 114
166 115
166 116
166 117
166 118
166 119
166 120
166 121
166 122
166 123
166 124
166 125
166 126
166 127
166 128
166 129
166 130
166 131
166 132
166 133
166 134
166 135
166 136
166 137
166 138
166 139
166 140
166 141
166 142
166 143
166 144
166 145
166 146
166 147
166 148
166 149
166 150
166 151
166 152
166 153
166 154
166 155
166 156
166 157
166 158
166 159
166 160
166 161
166 162
166 163
166 164
166 165
168 1
168 2
168 3
168 4
168 5
168 6
168 7
168 8
168 9
168 10
168 11
168 12
168 13
168 14
168 15
168 16
168 17
168 18
168 19
168 20
168 21
168 22
168 23
168 24
168 25
168 26
168 27
168 28
168 29
168 30
168 31
168 32
168 33
168 34
168 35
168 36
168 37
168 38
168 39
168 40
168 41
168 42
168 43
168 44
168 45
168 46
168 47
168 48
168 49
168 50
168 51
168 52
168 53
168 54
168 55
168 56
168 57
168 58
168 59
168 60
168 61
168 62
168 63
168 64
168 65
168 66
168 67
168 68
168 69
168 70
168 71
168 72
168 73
168 74
168 75
168 76
168 77
168 78
168 79
168 80
168 81
168 82
168 83
168 84
168 85
168 86
168 87
168 88
168 89
168 90
168 91
168 92
168 93
168 94
168 95
168 96
168 97
168 98
168 99
168 100
168 101
168 102
168 103
168 104
168 105
168 106
168 107
168 108
168 109
168 110
168 111
168 112
168 113
168 114
168 115
168 116
168 117
168 118
168 119
168 120
168 121
168 122
168 123
168 124
168 125
168 126
168 127
168 128
168 129
168 130
168 131
168 132
168 133
168 134
168 135
168 136
168 137
168 138
168 139
168 140
168 141
168 142
168 143
168 144
168 145
168 146
168 147
168 148
168 149
168 150
168 151
168 152
168 153
168 154
168 155
168 156
168 157
168 158
168 159
168 160
168 161
168 162
168 163
168 164
168 165
168 166
168 167
170 1
170 2
170 3
170 4
170 5
170 6
170 7
170 8
170 9
170 10
170 11
170 12
170 13
170 14
170 15
170 16
170 17
170 18
170 19
170 20
170 21
170 22
170 23
170 24
170 25
170 26
170 27
170 28
170 29
170 30
170 31
170 32
170 33
170 34
170 35
170 36
170 37
170 38
170 39
170 40
170 41
170 42
170 43
170 44
170 45
170 46
170 47
170 48
170 49
170 50
170 51
170 52
170 53
170 54
170 55
170 56
170 57
170 58
170 59
170 60
170 61
170 62
170 63
170 64
170 65
170 66
170 67
170 68
170 69
170 70
170 71
170 72
170 73
170 74
170 75
170 76
170 77
170 78
170 79
170 80
170 81
170 82
170 83
170 84
170 85
170 86
170 87
170 88
170 89
170 90
170 91
170 92
170 93
170 94
170 95
170 96
170 97
170 98
170 99
170 100
170 101
170 102
170 103
170 104
170 105
170 106
170 107
170 108
170 109
170 110
170 111
170 112
170 113
170 114
170 115
170 116
170 117
170 118
170 119
170 120
170 121
170 122
170 123
170 124
170 125
170 126
170 127
170 128
170 129
170 130
170 131
170 132
170 133
170 134
170 135
170 136
170 137
170 138
170 139
170 140
170 141
170 142
170 143
170 144
170 145
170 146
170 147
170 148
170 149
170 150
170 151
170 152
170 153
170 154
170 155
170 156
170 157
170 158
170 159
170 160
170 161
170 162
170 163
170 164
170 165
170 166
170 167
170 168
170 169
172 1
172 2
172 3
172 4
172 5
172 6
172 7
172 8
172 9
172 10
172 11
172 12
172 13
172 14
172 15
172 16
172 17
172 18
172 19
172 20
172 21
172 22
172 23
172 24
172 25
172 26
172 27
172 28
172 29
172 30
172 31
172 32
172 33
172 34
172 35
172 36
172 37
172 38
172 39
172 40
172 41
172 42
172 43
172 44
172 45
172 46
172 47
172 48
172 49
172 50
172 51
172 52
172 53
172 54
172 55
172 56
172 57
172 58
172 59
172 60
172 61
172 62
172 63
172 64
172 65
172 66
172 67
172 68
172 69
172 70
172 71
172 72
172 73
172 74
172 75
172 76
172 77
172 78
172 79
172 80
172 81
172 82
172 83
172 84
172 85
172 86
172 87
172 88
172 89
172 90
172 91
172 92
172 93
172 94
172 95
172 96
172 97
172 98
172 99
172 100
172 101
172 102
172 103
172 104
172 105
172 106
172 107
172 108
172 109
172 110
172 111
172 112
172 113
172 114
172 115
172 116
172 117
172 118
172 119
172 120
172 121
172 122
172 123
172 124
172 125
172 126
172 127
172 128
172 129
172 130
172 131
172 132
172 133
172 134
172 135
172 136
172 137
172 138
172 139
172 140
172 141
172 142
172 143
172 144
172 145
172 146
172 147
172 148
172 149
172 150
172 151
172 152
172 153
172 154
172 155
172 156
172 157
172 158
172 159
172 160
172 161
172 162
172 163
172 164
172 165
172 166
172 167
172 168
172 169
172 170
172 171
174 1
174 2
174 3
174 4
174 5
174 6
174 7
174 8
174 9
174 10
174 11
174 12
174 13
174 14
174 15
174 16
174 17
174 18
174 19
174 20
174 21
174 22
174 23
174 24
174 25
174 26
174 27
174 28
174 29
174 30
174 31
174 32
174 33
174 34
174 35
174 36
174 37
174 38
174 39
174 40
174 41
174 42
174 43
174 44
174 45
174 46
174 47
174 48
174 49
174 50
174 51
174 52
174 53
174 54
174 55
174 56
174 57
174 58
174 59
174 60
174 61
174 62
174 63
174 64
174 65
174 66
174 67
174 68
174 69
174 70
174 71
174 72
174 73
174 74
174 75
174 76
174 77
174 78
174 79
174 80
174 81
174 82
174 83
174 84
174 85
174 86
174 87
174 88
174 89
174 90
174 91
174 92
174 93
174 94
174 95
174 96
174 97
174 98
174 99
174 100
174 101
174 102
174 103
174 104
174 105
174 106
174 107
174 108
174 109
174 110
174 111
174 112
174 113
174 114
174 115
174 116
174 117
174 118
174 119
174 120
174 121
174 122
174 123
174 124
174 125
174 126
174 127
174 128
174 129
174 130
174 131
174 132
174 133
174 134
174 135
174 136
174 137
174 138
174 139
174 140
174 141
174 142
174 143
174 144
174 145
174 146
174 147
174 148
174 149
174 150
174 151
174 152
174 153
174 154
174 155
174 156
174 157
174 158
174 159
174 160
174 161
174 162
174 163
174 164
174 165
174 166
174 167
174 168
174 169
174 170
174 171
174 172
174 173
176 1
176 2
176 3
176 4
176 5
176 6
176 7
176 8
176 9
176 10
176 11
176 12
176 13
176 14
176 15
176 16
176 17
176 18
176 19
176 20
176 21
176 22
176 23
176 24
176 25
176 26
176 27
176 28
176 29
176 30
176 31
176 32
176 33
176 34
176 35
176 36
176 37
176 38
176 39
176 40
176 41
176 42
176 43
176 44
176 45
176 46
176 47
176 48
176 49
176 50
176 51
176 52
176 53
176 54
176 55
176 56
176 57
176 58
176 59
176 60
176 61
176 62
176 63
176 64
176 65
176 66
176 67
176 68
176 69
176 70
176 71
176 72
176 73
176 74
176 75
176 76
176 77
176 78
176 79
176 80
176 81
176 82
176 83
176 84
176 85
176 86
176 87
176 88
176 89
176 90
176 91
176 92
176 93
176 94
176 95
176 96
176 97
176 98
176 99
176 100
176 101
176 102
176 103
176 104
176 105
176 106
176 107
176 108
176 109
176 110
176 111
176 112
176 113
176 114
176 115
176 116
176 117
176 118
176 119
176 120
176 121
176 122
176 123
176 124
176 125
176 126
176 127
176 128
176 129
176 130
176 131
176 132
176 133
176 134
176 135
176 136
176 137
176 138
176 139
176 140
176 141
176 142
176 143
176 144
176 145
176 146
176 147
176 148
176 149
176 150
176 151
176 152
176 153
176 154
176 155
176 156
176 157
176 158
176 159
176 160
176 161
176 162
176 163
176 164
176 165
176 166
176 167
176 168
176 169
176 170
176 171
176 172
176 173
176 174
176 175
178 1
178 2
178 3
178 4
178 5
178 6
178 7
178 8
178 9
178 10
178 11
178 12
178 13
178 14
178 15
178 16
178 17
178 18
178 19
178 20
178 21
178 22
178 23
178 24
178 25
178 26
178 27
178 28
178 29
178 30
178 31
178 32
178 33
178 34
178 35
178 36
178 37
178 38
178 39
178 40
178 41
178 42
178 43
178 44
178 45
178 46
178 47
178 48
178 49
178 50
178 51
178 52
178 53
178 54
178 55
178 56
178 57
178 58
178 59
178 60
178 61
178 62
178 63
178 64
178 65
178 66
178 67
178 68
178 69
178 70
178 71
178 72
178 73
178 74
178 75
178 76
178 77
178 78
178 79
178 80
178 81
178 82
178 83
178 84
178 85
178 86
178 87
178 88
178 89
178 90
178 91
178 92
178 93
178 94
178 95
178 96
178 97
178 98
178 99
178 100
178 101
178 102
178 103
178 104
178 105
178 106
178 107
178 108
178 109
178 110
178 111
178 112
178 113
178 114
178 115
178 116
178 117
178 118
178 119
178 120
178 121
178 122
178 123
178 124
178 125
178 126
178 127
178 128
178 129
178 130
178 131
178 132
178 133
178 134
178 135
178 136
178 137
178 138
178 139
178 140
178 141
178 142
178 143
178 144
178 145
178 146
178 147
178 148
178 149
178 150
178 151
178 152
178 153
178 154
178 155
178 156
178 157
178 158
178 159
178 160
178 161
178 162
178 163
178 164
178 165
178 166
178 167
178 168
178 169
178 170
178 171
178 172
178 173
178 174
178 175
178 176
178 177
180 1
180 2
180 3
180 4
180 5
180 6
180 7
180 8
180 9
180 10
180 11
180 12
180 13
180 14
180 15
180 16
180 17
180 18
180 19
180 20
180 21
180 22
180 23
180 24
180 25
180 26
180 27
180 28
180 29
180 30
180 31
180 32
180 33
180 34
180 35
180 36
180 37
180 38
180 39
180 40
180 41
180 42
180 43
180 44
180 45
180 46
180 47
180 48
180 49
180 50
180 51
180 52
180 53
180 54
180 55
180 56
180 57
180 58
180 59
180 60
180 61
180 62
180 63
180 64
180 65
180 66
180 67
180 68
180 69
180 70
180 71
180 72
180 73
180 74
180 75
180 76
180 77
180 78
180 79
180 80
180 81
180 82
180 83
180 84
180 85
180 86
180 87
180 88
180 89
180 90
180 91
180 92
180 93
180 94
180 95
180 96
180 97
180 98
180 99
180 100
180 101
180 102
180 103
180 104
180 105
180 106
180 107
180 108
180 109
180 110
180 111
180 112
180 113
180 114
180 115
180 116
180 117
180 118
180 119
180 120
180 121
180 122
180 123
180 124
180 125
180 126
180 127
180 128
180 129
180 130
180 131
180 132
180 133
180 134
180 135
180 136
180 137
180 138
180 139
180 140
180 141
180 142
180 143
180 144
180 145
180 146
180 147
180 148
180 149
180 150
180 151
180 152
180 153
180 154
180 155
180 156
180 157
180 158
180 159
180 160
180 161
180 162
180 163
180 164
180 165
180 166
180 167
180 168
180 169
180 170
180 171
180 172
180 173
180 174
180 175
180 176
180 177
180 178
180 179
