1 2 3 29
1 5 6 29
1 7 4 29
2 4 5 29
2 6 7 29
3 4 6 29
3 5 7 29
8 9 10 29
8 12 13 29
8 14 11 29
9 11 12 29
9 13 14 29
10 11 13 29
10 12 14 29
15 16 17 29
15 19 20 29
15 21 18 29
16 18 19 29
16 20 21 29
17 18 20 29
17 19 21 29
22 23 24 29
22 26 27 29
22 28 25 29
23 25 26 29
23 27 28 29
24 25 27 29
24 26 28 29
1 2 3 8 9 10 15 16 17 22 23 24 30
1 2 3 8 9 10 15 16 17 22 25 28 30
1 2 3 8 9 10 15 16 17 22 26 27 30
1 2 3 8 9 10 15 16 17 23 26 25 30
1 2 3 8 9 10 15 16 17 23 27 28 30
1 2 3 8 9 10 15 16 17 24 26 28 30
1 2 3 8 9 10 15 16 17 24 27 25 30
1 2 3 8 9 10 15 18 21 22 23 24 30
1 2 3 8 9 10 15 18 21 22 25 28 30
1 2 3 8 9 10 15 18 21 22 26 27 30
1 2 3 8 9 10 15 18 21 23 26 25 30
1 2 3 8 9 10 15 18 21 23 27 28 30
1 2 3 8 9 10 15 18 21 24 26 28 30
1 2 3 8 9 10 15 18 21 24 27 25 30
1 2 3 8 9 10 15 19 20 22 23 24 30
1 2 3 8 9 10 15 19 20 22 25 28 30
1 2 3 8 9 10 15 19 20 22 26 27 30
1 2 3 8 9 10 15 19 20 23 26 25 30
1 2 3 8 9 10 15 19 20 23 27 28 30
1 2 3 8 9 10 15 19 20 24 26 28 30
1 2 3 8 9 10 15 19 20 24 27 25 30
1 2 3 8 9 10 16 19 18 22 23 24 30
1 2 3 8 9 10 16 19 18 22 25 28 30
1 2 3 8 9 10 16 19 18 22 26 27 30
1 2 3 8 9 10 16 19 18 23 26 25 30
1 2 3 8 9 10 16 19 18 23 27 28 30
1 2 3 8 9 10 16 19 18 24 26 28 30
1 2 3 8 9 10 16 19 18 24 27 25 30
1 2 3 8 9 10 16 20 21 22 23 24 30
1 2 3 8 9 10 16 20 21 22 25 28 30
1 2 3 8 9 10 16 20 21 22 26 27 30
1 2 3 8 9 10 16 20 21 23 26 25 30
1 2 3 8 9 10 16 20 21 23 27 28 30
1 2 3 8 9 10 16 20 21 24 26 28 30
1 2 3 8 9 10 16 20 21 24 27 25 30
1 2 3 8 9 10 17 19 21 22 23 24 30
1 2 3 8 9 10 17 19 21 22 25 28 30
1 2 3 8 9 10 17 19 21 22 26 27 30
1 2 3 8 9 10 17 19 21 23 26 25 30
1 2 3 8 9 10 17 19 21 23 27 28 30
1 2 3 8 9 10 17 19 21 24 26 28 30
1 2 3 8 9 10 17 19 21 24 27 25 30
1 2 3 8 9 10 17 20 18 22 23 24 30
1 2 3 8 9 10 17 20 18 22 25 28 30
1 2 3 8 9 10 17 20 18 22 26 27 30
1 2 3 8 9 10 17 20 18 23 26 25 30
1 2 3 8 9 10 17 20 18 23 27 28 30
1 2 3 8 9 10 17 20 18 24 26 28 30
1 2 3 8 9 10 17 20 18 24 27 25 30
1 2 3 8 11 14 15 16 17 22 23 24 30
1 2 3 8 11 14 15 16 17 22 25 28 30
1 2 3 8 11 14 15 16 17 22 26 27 30
1 2 3 8 11 14 15 16 17 23 26 25 30
1 2 3 8 11 14 15 16 17 23 27 28 30
1 2 3 8 11 14 15 16 17 24 26 28 30
1 2 3 8 11 14 15 16 17 24 27 25 30
1 2 3 8 11 14 15 18 21 22 23 24 30
1 2 3 8 11 14 15 18 21 22 25 28 30
1 2 3 8 11 14 15 18 21 22 26 27 30
1 2 3 8 11 14 15 18 21 23 26 25 30
1 2 3 8 11 14 15 18 21 23 27 28 30
1 2 3 8 11 14 15 18 21 24 26 28 30
1 2 3 8 11 14 15 18 21 24 27 25 30
1 2 3 8 11 14 15 19 20 22 23 24 30
1 2 3 8 11 14 15 19 20 22 25 28 30
1 2 3 8 11 14 15 19 20 22 26 27 30
1 2 3 8 11 14 15 19 20 23 26 25 30
1 2 3 8 11 14 15 19 20 23 27 28 30
1 2 3 8 11 14 15 19 20 24 26 28 30
1 2 3 8 11 14 15 19 20 24 27 25 30
1 2 3 8 11 14 16 19 18 22 23 24 30
1 2 3 8 11 14 16 19 18 22 25 28 30
1 2 3 8 11 14 16 19 18 22 26 27 30
1 2 3 8 11 14 16 19 18 23 26 25 30
1 2 3 8 11 14 16 19 18 23 27 28 30
1 2 3 8 11 14 16 19 18 24 26 28 30
1 2 3 8 11 14 16 19 18 24 27 25 30
1 2 3 8 11 14 16 20 21 22 23 24 30
1 2 3 8 11 14 16 20 21 22 25 28 30
1 2 3 8 11 14 16 20 21 22 26 27 30
1 2 3 8 11 14 16 20 21 23 26 25 30
1 2 3 8 11 14 16 20 21 23 27 28 30
1 2 3 8 11 14 16 20 21 24 26 28 30
1 2 3 8 11 14 16 20 21 24 27 25 30
1 2 3 8 11 14 17 19 21 22 23 24 30
1 2 3 8 11 14 17 19 21 22 25 28 30
1 2 3 8 11 14 17 19 21 22 26 27 30
1 2 3 8 11 14 17 19 21 23 26 25 30
1 2 3 8 11 14 17 19 21 23 27 28 30
1 2 3 8 11 14 17 19 21 24 26 28 30
1 2 3 8 11 14 17 19 21 24 27 25 30
1 2 3 8 11 14 17 20 18 22 23 24 30
1 2 3 8 11 14 17 20 18 22 25 28 30
1 2 3 8 11 14 17 20 18 22 26 27 30
1 2 3 8 11 14 17 20 18 23 26 25 30
1 2 3 8 11 14 17 20 18 23 27 28 30
1 2 3 8 11 14 17 20 18 24 26 28 30
1 2 3 8 11 14 17 20 18 24 27 25 30
1 2 3 8 12 13 15 16 17 22 23 24 30
1 2 3 8 12 13 15 16 17 22 25 28 30
1 2 3 8 12 13 15 16 17 22 26 27 30
1 2 3 8 12 13 15 16 17 23 26 25 30
1 2 3 8 12 13 15 16 17 23 27 28 30
1 2 3 8 12 13 15 16 17 24 26 28 30
1 2 3 8 12 13 15 16 17 24 27 25 30
1 2 3 8 12 13 15 18 21 22 23 24 30
1 2 3 8 12 13 15 18 21 22 25 28 30
1 2 3 8 12 13 15 18 21 22 26 27 30
1 2 3 8 12 13 15 18 21 23 26 25 30
1 2 3 8 12 13 15 18 21 23 27 28 30
1 2 3 8 12 13 15 18 21 24 26 28 30
1 2 3 8 12 13 15 18 21 24 27 25 30
1 2 3 8 12 13 15 19 20 22 23 24 30
1 2 3 8 12 13 15 19 20 22 25 28 30
1 2 3 8 12 13 15 19 20 22 26 27 30
1 2 3 8 12 13 15 19 20 23 26 25 30
1 2 3 8 12 13 15 19 20 23 27 28 30
1 2 3 8 12 13 15 19 20 24 26 28 30
1 2 3 8 12 13 15 19 20 24 27 25 30
1 2 3 8 12 13 16 19 18 22 23 24 30
1 2 3 8 12 13 16 19 18 22 25 28 30
1 2 3 8 12 13 16 19 18 22 26 27 30
1 2 3 8 12 13 16 19 18 23 26 25 30
1 2 3 8 12 13 16 19 18 23 27 28 30
1 2 3 8 12 13 16 19 18 24 26 28 30
1 2 3 8 12 13 16 19 18 24 27 25 30
1 2 3 8 12 13 16 20 21 22 23 24 30
1 2 3 8 12 13 16 20 21 22 25 28 30
1 2 3 8 12 13 16 20 21 22 26 27 30
1 2 3 8 12 13 16 20 21 23 26 25 30
1 2 3 8 12 13 16 20 21 23 27 28 30
1 2 3 8 12 13 16 20 21 24 26 28 30
1 2 3 8 12 13 16 20 21 24 27 25 30
1 2 3 8 12 13 17 19 21 22 23 24 30
1 2 3 8 12 13 17 19 21 22 25 28 30
1 2 3 8 12 13 17 19 21 22 26 27 30
1 2 3 8 12 13 17 19 21 23 26 25 30
1 2 3 8 12 13 17 19 21 23 27 28 30
1 2 3 8 12 13 17 19 21 24 26 28 30
1 2 3 8 12 13 17 19 21 24 27 25 30
1 2 3 8 12 13 17 20 18 22 23 24 30
1 2 3 8 12 13 17 20 18 22 25 28 30
1 2 3 8 12 13 17 20 18 22 26 27 30
1 2 3 8 12 13 17 20 18 23 26 25 30
1 2 3 8 12 13 17 20 18 23 27 28 30
1 2 3 8 12 13 17 20 18 24 26 28 30
1 2 3 8 12 13 17 20 18 24 27 25 30
1 2 3 9 12 11 15 16 17 22 23 24 30
1 2 3 9 12 11 15 16 17 22 25 28 30
1 2 3 9 12 11 15 16 17 22 26 27 30
1 2 3 9 12 11 15 16 17 23 26 25 30
1 2 3 9 12 11 15 16 17 23 27 28 30
1 2 3 9 12 11 15 16 17 24 26 28 30
1 2 3 9 12 11 15 16 17 24 27 25 30
1 2 3 9 12 11 15 18 21 22 23 24 30
1 2 3 9 12 11 15 18 21 22 25 28 30
1 2 3 9 12 11 15 18 21 22 26 27 30
1 2 3 9 12 11 15 18 21 23 26 25 30
1 2 3 9 12 11 15 18 21 23 27 28 30
1 2 3 9 12 11 15 18 21 24 26 28 30
1 2 3 9 12 11 15 18 21 24 27 25 30
1 2 3 9 12 11 15 19 20 22 23 24 30
1 2 3 9 12 11 15 19 20 22 25 28 30
1 2 3 9 12 11 15 19 20 22 26 27 30
1 2 3 9 12 11 15 19 20 23 26 25 30
1 2 3 9 12 11 15 19 20 23 27 28 30
1 2 3 9 12 11 15 19 20 24 26 28 30
1 2 3 9 12 11 15 19 20 24 27 25 30
1 2 3 9 12 11 16 19 18 22 23 24 30
1 2 3 9 12 11 16 19 18 22 25 28 30
1 2 3 9 12 11 16 19 18 22 26 27 30
1 2 3 9 12 11 16 19 18 23 26 25 30
1 2 3 9 12 11 16 19 18 23 27 28 30
1 2 3 9 12 11 16 19 18 24 26 28 30
1 2 3 9 12 11 16 19 18 24 27 25 30
1 2 3 9 12 11 16 20 21 22 23 24 30
1 2 3 9 12 11 16 20 21 22 25 28 30
1 2 3 9 12 11 16 20 21 22 26 27 30
1 2 3 9 12 11 16 20 21 23 26 25 30
1 2 3 9 12 11 16 20 21 23 27 28 30
1 2 3 9 12 11 16 20 21 24 26 28 30
1 2 3 9 12 11 16 20 21 24 27 25 30
1 2 3 9 12 11 17 19 21 22 23 24 30
1 2 3 9 12 11 17 19 21 22 25 28 30
1 2 3 9 12 11 17 19 21 22 26 27 30
1 2 3 9 12 11 17 19 21 23 26 25 30
1 2 3 9 12 11 17 19 21 23 27 28 30
1 2 3 9 12 11 17 19 21 24 26 28 30
1 2 3 9 12 11 17 19 21 24 27 25 30
1 2 3 9 12 11 17 20 18 22 23 24 30
1 2 3 9 12 11 17 20 18 22 25 28 30
1 2 3 9 12 11 17 20 18 22 26 27 30
1 2 3 9 12 11 17 20 18 23 26 25 30
1 2 3 9 12 11 17 20 18 23 27 28 30
1 2 3 9 12 11 17 20 18 24 26 28 30
1 2 3 9 12 11 17 20 18 24 27 25 30
1 2 3 9 13 14 15 16 17 22 23 24 30
1 2 3 9 13 14 15 16 17 22 25 28 30
1 2 3 9 13 14 15 16 17 22 26 27 30
1 2 3 9 13 14 15 16 17 23 26 25 30
1 2 3 9 13 14 15 16 17 23 27 28 30
1 2 3 9 13 14 15 16 17 24 26 28 30
1 2 3 9 13 14 15 16 17 24 27 25 30
1 2 3 9 13 14 15 18 21 22 23 24 30
1 2 3 9 13 14 15 18 21 22 25 28 30
1 2 3 9 13 14 15 18 21 22 26 27 30
1 2 3 9 13 14 15 18 21 23 26 25 30
1 2 3 9 13 14 15 18 21 23 27 28 30
1 2 3 9 13 14 15 18 21 24 26 28 30
1 2 3 9 13 14 15 18 21 24 27 25 30
1 2 3 9 13 14 15 19 20 22 23 24 30
1 2 3 9 13 14 15 19 20 22 25 28 30
1 2 3 9 13 14 15 19 20 22 26 27 30
1 2 3 9 13 14 15 19 20 23 26 25 30
1 2 3 9 13 14 15 19 20 23 27 28 30
1 2 3 9 13 14 15 19 20 24 26 28 30
1 2 3 9 13 14 15 19 20 24 27 25 30
1 2 3 9 13 14 16 19 18 22 23 24 30
1 2 3 9 13 14 16 19 18 22 25 28 30
1 2 3 9 13 14 16 19 18 22 26 27 30
1 2 3 9 13 14 16 19 18 23 26 25 30
1 2 3 9 13 14 16 19 18 23 27 28 30
1 2 3 9 13 14 16 19 18 24 26 28 30
1 2 3 9 13 14 16 19 18 24 27 25 30
1 2 3 9 13 14 16 20 21 22 23 24 30
1 2 3 9 13 14 16 20 21 22 25 28 30
1 2 3 9 13 14 16 20 21 22 26 27 30
1 2 3 9 13 14 16 20 21 23 26 25 30
1 2 3 9 13 14 16 20 21 23 27 28 30
1 2 3 9 13 14 16 20 21 24 26 28 30
1 2 3 9 13 14 16 20 21 24 27 25 30
1 2 3 9 13 14 17 19 21 22 23 24 30
1 2 3 9 13 14 17 19 21 22 25 28 30
1 2 3 9 13 14 17 19 21 22 26 27 30
1 2 3 9 13 14 17 19 21 23 26 25 30
1 2 3 9 13 14 17 19 21 23 27 28 30
1 2 3 9 13 14 17 19 21 24 26 28 30
1 2 3 9 13 14 17 19 21 24 27 25 30
1 2 3 9 13 14 17 20 18 22 23 24 30
1 2 3 9 13 14 17 20 18 22 25 28 30
1 2 3 9 13 14 17 20 18 22 26 27 30
1 2 3 9 13 14 17 20 18 23 26 25 30
1 2 3 9 13 14 17 20 18 23 27 28 30
1 2 3 9 13 14 17 20 18 24 26 28 30
1 2 3 9 13 14 17 20 18 24 27 25 30
1 2 3 10 12 14 15 16 17 22 23 24 30
1 2 3 10 12 14 15 16 17 22 25 28 30
1 2 3 10 12 14 15 16 17 22 26 27 30
1 2 3 10 12 14 15 16 17 23 26 25 30
1 2 3 10 12 14 15 16 17 23 27 28 30
1 2 3 10 12 14 15 16 17 24 26 28 30
1 2 3 10 12 14 15 16 17 24 27 25 30
1 2 3 10 12 14 15 18 21 22 23 24 30
1 2 3 10 12 14 15 18 21 22 25 28 30
1 2 3 10 12 14 15 18 21 22 26 27 30
1 2 3 10 12 14 15 18 21 23 26 25 30
1 2 3 10 12 14 15 18 21 23 27 28 30
1 2 3 10 12 14 15 18 21 24 26 28 30
1 2 3 10 12 14 15 18 21 24 27 25 30
1 2 3 10 12 14 15 19 20 22 23 24 30
1 2 3 10 12 14 15 19 20 22 25 28 30
1 2 3 10 12 14 15 19 20 22 26 27 30
1 2 3 10 12 14 15 19 20 23 26 25 30
1 2 3 10 12 14 15 19 20 23 27 28 30
1 2 3 10 12 14 15 19 20 24 26 28 30
1 2 3 10 12 14 15 19 20 24 27 25 30
1 2 3 10 12 14 16 19 18 22 23 24 30
1 2 3 10 12 14 16 19 18 22 25 28 30
1 2 3 10 12 14 16 19 18 22 26 27 30
1 2 3 10 12 14 16 19 18 23 26 25 30
1 2 3 10 12 14 16 19 18 23 27 28 30
1 2 3 10 12 14 16 19 18 24 26 28 30
1 2 3 10 12 14 16 19 18 24 27 25 30
1 2 3 10 12 14 16 20 21 22 23 24 30
1 2 3 10 12 14 16 20 21 22 25 28 30
1 2 3 10 12 14 16 20 21 22 26 27 30
1 2 3 10 12 14 16 20 21 23 26 25 30
1 2 3 10 12 14 16 20 21 23 27 28 30
1 2 3 10 12 14 16 20 21 24 26 28 30
1 2 3 10 12 14 16 20 21 24 27 25 30
1 2 3 10 12 14 17 19 21 22 23 24 30
1 2 3 10 12 14 17 19 21 22 25 28 30
1 2 3 10 12 14 17 19 21 22 26 27 30
1 2 3 10 12 14 17 19 21 23 26 25 30
1 2 3 10 12 14 17 19 21 23 27 28 30
1 2 3 10 12 14 17 19 21 24 26 28 30
1 2 3 10 12 14 17 19 21 24 27 25 30
1 2 3 10 12 14 17 20 18 22 23 24 30
1 2 3 10 12 14 17 20 18 22 25 28 30
1 2 3 10 12 14 17 20 18 22 26 27 30
1 2 3 10 12 14 17 20 18 23 26 25 30
1 2 3 10 12 14 17 20 18 23 27 28 30
1 2 3 10 12 14 17 20 18 24 26 28 30
1 2 3 10 12 14 17 20 18 24 27 25 30
1 2 3 10 13 11 15 16 17 22 23 24 30
1 2 3 10 13 11 15 16 17 22 25 28 30
1 2 3 10 13 11 15 16 17 22 26 27 30
1 2 3 10 13 11 15 16 17 23 26 25 30
1 2 3 10 13 11 15 16 17 23 27 28 30
1 2 3 10 13 11 15 16 17 24 26 28 30
1 2 3 10 13 11 15 16 17 24 27 25 30
1 2 3 10 13 11 15 18 21 22 23 24 30
1 2 3 10 13 11 15 18 21 22 25 28 30
1 2 3 10 13 11 15 18 21 22 26 27 30
1 2 3 10 13 11 15 18 21 23 26 25 30
1 2 3 10 13 11 15 18 21 23 27 28 30
1 2 3 10 13 11 15 18 21 24 26 28 30
1 2 3 10 13 11 15 18 21 24 27 25 30
1 2 3 10 13 11 15 19 20 22 23 24 30
1 2 3 10 13 11 15 19 20 22 25 28 30
1 2 3 10 13 11 15 19 20 22 26 27 30
1 2 3 10 13 11 15 19 20 23 26 25 30
1 2 3 10 13 11 15 19 20 23 27 28 30
1 2 3 10 13 11 15 19 20 24 26 28 30
1 2 3 10 13 11 15 19 20 24 27 25 30
1 2 3 10 13 11 16 19 18 22 23 24 30
1 2 3 10 13 11 16 19 18 22 25 28 30
1 2 3 10 13 11 16 19 18 22 26 27 30
1 2 3 10 13 11 16 19 18 23 26 25 30
1 2 3 10 13 11 16 19 18 23 27 28 30
1 2 3 10 13 11 16 19 18 24 26 28 30
1 2 3 10 13 11 16 19 18 24 27 25 30
1 2 3 10 13 11 16 20 21 22 23 24 30
1 2 3 10 13 11 16 20 21 22 25 28 30
1 2 3 10 13 11 16 20 21 22 26 27 30
1 2 3 10 13 11 16 20 21 23 26 25 30
1 2 3 10 13 11 16 20 21 23 27 28 30
1 2 3 10 13 11 16 20 21 24 26 28 30
1 2 3 10 13 11 16 20 21 24 27 25 30
1 2 3 10 13 11 17 19 21 22 23 24 30
1 2 3 10 13 11 17 19 21 22 25 28 30
1 2 3 10 13 11 17 19 21 22 26 27 30
1 2 3 10 13 11 17 19 21 23 26 25 30
1 2 3 10 13 11 17 19 21 23 27 28 30
1 2 3 10 13 11 17 19 21 24 26 28 30
1 2 3 10 13 11 17 19 21 24 27 25 30
1 2 3 10 13 11 17 20 18 22 23 24 30
1 2 3 10 13 11 17 20 18 22 25 28 30
1 2 3 10 13 11 17 20 18 22 26 27 30
1 2 3 10 13 11 17 20 18 23 26 25 30
1 2 3 10 13 11 17 20 18 23 27 28 30
1 2 3 10 13 11 17 20 18 24 26 28 30
1 2 3 10 13 11 17 20 18 24 27 25 30
1 4 7 8 9 10 15 16 17 22 23 24 30
1 4 7 8 9 10 15 16 17 22 25 28 30
1 4 7 8 9 10 15 16 17 22 26 27 30
1 4 7 8 9 10 15 16 17 23 26 25 30
1 4 7 8 9 10 15 16 17 23 27 28 30
1 4 7 8 9 10 15 16 17 24 26 28 30
1 4 7 8 9 10 15 16 17 24 27 25 30
1 4 7 8 9 10 15 18 21 22 23 24 30
1 4 7 8 9 10 15 18 21 22 25 28 30
1 4 7 8 9 10 15 18 21 22 26 27 30
1 4 7 8 9 10 15 18 21 23 26 25 30
1 4 7 8 9 10 15 18 21 23 27 28 30
1 4 7 8 9 10 15 18 21 24 26 28 30
1 4 7 8 9 10 15 18 21 24 27 25 30
1 4 7 8 9 10 15 19 20 22 23 24 30
1 4 7 8 9 10 15 19 20 22 25 28 30
1 4 7 8 9 10 15 19 20 22 26 27 30
1 4 7 8 9 10 15 19 20 23 26 25 30
1 4 7 8 9 10 15 19 20 23 27 28 30
1 4 7 8 9 10 15 19 20 24 26 28 30
1 4 7 8 9 10 15 19 20 24 27 25 30
1 4 7 8 9 10 16 19 18 22 23 24 30
1 4 7 8 9 10 16 19 18 22 25 28 30
1 4 7 8 9 10 16 19 18 22 26 27 30
1 4 7 8 9 10 16 19 18 23 26 25 30
1 4 7 8 9 10 16 19 18 23 27 28 30
1 4 7 8 9 10 16 19 18 24 26 28 30
1 4 7 8 9 10 16 19 18 24 27 25 30
1 4 7 8 9 10 16 20 21 22 23 24 30
1 4 7 8 9 10 16 20 21 22 25 28 30
1 4 7 8 9 10 16 20 21 22 26 27 30
1 4 7 8 9 10 16 20 21 23 26 25 30
1 4 7 8 9 10 16 20 21 23 27 28 30
1 4 7 8 9 10 16 20 21 24 26 28 30
1 4 7 8 9 10 16 20 21 24 27 25 30
1 4 7 8 9 10 17 19 21 22 23 24 30
1 4 7 8 9 10 17 19 21 22 25 28 30
1 4 7 8 9 10 17 19 21 22 26 27 30
1 4 7 8 9 10 17 19 21 23 26 25 30
1 4 7 8 9 10 17 19 21 23 27 28 30
1 4 7 8 9 10 17 19 21 24 26 28 30
1 4 7 8 9 10 17 19 21 24 27 25 30
1 4 7 8 9 10 17 20 18 22 23 24 30
1 4 7 8 9 10 17 20 18 22 25 28 30
1 4 7 8 9 10 17 20 18 22 26 27 30
1 4 7 8 9 10 17 20 18 23 26 25 30
1 4 7 8 9 10 17 20 18 23 27 28 30
1 4 7 8 9 10 17 20 18 24 26 28 30
1 4 7 8 9 10 17 20 18 24 27 25 30
1 4 7 8 11 14 15 16 17 22 23 24 30
1 4 7 8 11 14 15 16 17 22 25 28 30
1 4 7 8 11 14 15 16 17 22 26 27 30
1 4 7 8 11 14 15 16 17 23 26 25 30
1 4 7 8 11 14 15 16 17 23 27 28 30
1 4 7 8 11 14 15 16 17 24 26 28 30
1 4 7 8 11 14 15 16 17 24 27 25 30
1 4 7 8 11 14 15 18 21 22 23 24 30
1 4 7 8 11 14 15 18 21 22 25 28 30
1 4 7 8 11 14 15 18 21 22 26 27 30
1 4 7 8 11 14 15 18 21 23 26 25 30
1 4 7 8 11 14 15 18 21 23 27 28 30
1 4 7 8 11 14 15 18 21 24 26 28 30
1 4 7 8 11 14 15 18 21 24 27 25 30
1 4 7 8 11 14 15 19 20 22 23 24 30
1 4 7 8 11 14 15 19 20 22 25 28 30
1 4 7 8 11 14 15 19 20 22 26 27 30
1 4 7 8 11 14 15 19 20 23 26 25 30
1 4 7 8 11 14 15 19 20 23 27 28 30
1 4 7 8 11 14 15 19 20 24 26 28 30
1 4 7 8 11 14 15 19 20 24 27 25 30
1 4 7 8 11 14 16 19 18 22 23 24 30
1 4 7 8 11 14 16 19 18 22 25 28 30
1 4 7 8 11 14 16 19 18 22 26 27 30
1 4 7 8 11 14 16 19 18 23 26 25 30
1 4 7 8 11 14 16 19 18 23 27 28 30
1 4 7 8 11 14 16 19 18 24 26 28 30
1 4 7 8 11 14 16 19 18 24 27 25 30
1 4 7 8 11 14 16 20 21 22 23 24 30
1 4 7 8 11 14 16 20 21 22 25 28 30
1 4 7 8 11 14 16 20 21 22 26 27 30
1 4 7 8 11 14 16 20 21 23 26 25 30
1 4 7 8 11 14 16 20 21 23 27 28 30
1 4 7 8 11 14 16 20 21 24 26 28 30
1 4 7 8 11 14 16 20 21 24 27 25 30
1 4 7 8 11 14 17 19 21 22 23 24 30
1 4 7 8 11 14 17 19 21 22 25 28 30
1 4 7 8 11 14 17 19 21 22 26 27 30
1 4 7 8 11 14 17 19 21 23 26 25 30
1 4 7 8 11 14 17 19 21 23 27 28 30
1 4 7 8 11 14 17 19 21 24 26 28 30
1 4 7 8 11 14 17 19 21 24 27 25 30
1 4 7 8 11 14 17 20 18 22 23 24 30
1 4 7 8 11 14 17 20 18 22 25 28 30
1 4 7 8 11 14 17 20 18 22 26 27 30
1 4 7 8 11 14 17 20 18 23 26 25 30
1 4 7 8 11 14 17 20 18 23 27 28 30
1 4 7 8 11 14 17 20 18 24 26 28 30
1 4 7 8 11 14 17 20 18 24 27 25 30
1 4 7 8 12 13 15 16 17 22 23 24 30
1 4 7 8 12 13 15 16 17 22 25 28 30
1 4 7 8 12 13 15 16 17 22 26 27 30
1 4 7 8 12 13 15 16 17 23 26 25 30
1 4 7 8 12 13 15 16 17 23 27 28 30
1 4 7 8 12 13 15 16 17 24 26 28 30
1 4 7 8 12 13 15 16 17 24 27 25 30
1 4 7 8 12 13 15 18 21 22 23 24 30
1 4 7 8 12 13 15 18 21 22 25 28 30
1 4 7 8 12 13 15 18 21 22 26 27 30
1 4 7 8 12 13 15 18 21 23 26 25 30
1 4 7 8 12 13 15 18 21 23 27 28 30
1 4 7 8 12 13 15 18 21 24 26 28 30
1 4 7 8 12 13 15 18 21 24 27 25 30
1 4 7 8 12 13 15 19 20 22 23 24 30
1 4 7 8 12 13 15 19 20 22 25 28 30
1 4 7 8 12 13 15 19 20 22 26 27 30
1 4 7 8 12 13 15 19 20 23 26 25 30
1 4 7 8 12 13 15 19 20 23 27 28 30
1 4 7 8 12 13 15 19 20 24 26 28 30
1 4 7 8 12 13 15 19 20 24 27 25 30
1 4 7 8 12 13 16 19 18 22 23 24 30
1 4 7 8 12 13 16 19 18 22 25 28 30
1 4 7 8 12 13 16 19 18 22 26 27 30
1 4 7 8 12 13 16 19 18 23 26 25 30
1 4 7 8 12 13 16 19 18 23 27 28 30
1 4 7 8 12 13 16 19 18 24 26 28 30
1 4 7 8 12 13 16 19 18 24 27 25 30
1 4 7 8 12 13 16 20 21 22 23 24 30
1 4 7 8 12 13 16 20 21 22 25 28 30
1 4 7 8 12 13 16 20 21 22 26 27 30
1 4 7 8 12 13 16 20 21 23 26 25 30
1 4 7 8 12 13 16 20 21 23 27 28 30
1 4 7 8 12 13 16 20 21 24 26 28 30
1 4 7 8 12 13 16 20 21 24 27 25 30
1 4 7 8 12 13 17 19 21 22 23 24 30
1 4 7 8 12 13 17 19 21 22 25 28 30
1 4 7 8 12 13 17 19 21 22 26 27 30
1 4 7 8 12 13 17 19 21 23 26 25 30
1 4 7 8 12 13 17 19 21 23 27 28 30
1 4 7 8 12 13 17 19 21 24 26 28 30
1 4 7 8 12 13 17 19 21 24 27 25 30
1 4 7 8 12 13 17 20 18 22 23 24 30
1 4 7 8 12 13 17 20 18 22 25 28 30
1 4 7 8 12 13 17 20 18 22 26 27 30
1 4 7 8 12 13 17 20 18 23 26 25 30
1 4 7 8 12 13 17 20 18 23 27 28 30
1 4 7 8 12 13 17 20 18 24 26 28 30
1 4 7 8 12 13 17 20 18 24 27 25 30
1 4 7 9 12 11 15 16 17 22 23 24 30
1 4 7 9 12 11 15 16 17 22 25 28 30
1 4 7 9 12 11 15 16 17 22 26 27 30
1 4 7 9 12 11 15 16 17 23 26 25 30
1 4 7 9 12 11 15 16 17 23 27 28 30
1 4 7 9 12 11 15 16 17 24 26 28 30
1 4 7 9 12 11 15 16 17 24 27 25 30
1 4 7 9 12 11 15 18 21 22 23 24 30
1 4 7 9 12 11 15 18 21 22 25 28 30
1 4 7 9 12 11 15 18 21 22 26 27 30
1 4 7 9 12 11 15 18 21 23 26 25 30
1 4 7 9 12 11 15 18 21 23 27 28 30
1 4 7 9 12 11 15 18 21 24 26 28 30
1 4 7 9 12 11 15 18 21 24 27 25 30
1 4 7 9 12 11 15 19 20 22 23 24 30
1 4 7 9 12 11 15 19 20 22 25 28 30
1 4 7 9 12 11 15 19 20 22 26 27 30
1 4 7 9 12 11 15 19 20 23 26 25 30
1 4 7 9 12 11 15 19 20 23 27 28 30
1 4 7 9 12 11 15 19 20 24 26 28 30
1 4 7 9 12 11 15 19 20 24 27 25 30
1 4 7 9 12 11 16 19 18 22 23 24 30
1 4 7 9 12 11 16 19 18 22 25 28 30
1 4 7 9 12 11 16 19 18 22 26 27 30
1 4 7 9 12 11 16 19 18 23 26 25 30
1 4 7 9 12 11 16 19 18 23 27 28 30
1 4 7 9 12 11 16 19 18 24 26 28 30
1 4 7 9 12 11 16 19 18 24 27 25 30
1 4 7 9 12 11 16 20 21 22 23 24 30
1 4 7 9 12 11 16 20 21 22 25 28 30
1 4 7 9 12 11 16 20 21 22 26 27 30
1 4 7 9 12 11 16 20 21 23 26 25 30
1 4 7 9 12 11 16 20 21 23 27 28 30
1 4 7 9 12 11 16 20 21 24 26 28 30
1 4 7 9 12 11 16 20 21 24 27 25 30
1 4 7 9 12 11 17 19 21 22 23 24 30
1 4 7 9 12 11 17 19 21 22 25 28 30
1 4 7 9 12 11 17 19 21 22 26 27 30
1 4 7 9 12 11 17 19 21 23 26 25 30
1 4 7 9 12 11 17 19 21 23 27 28 30
1 4 7 9 12 11 17 19 21 24 26 28 30
1 4 7 9 12 11 17 19 21 24 27 25 30
1 4 7 9 12 11 17 20 18 22 23 24 30
1 4 7 9 12 11 17 20 18 22 25 28 30
1 4 7 9 12 11 17 20 18 22 26 27 30
1 4 7 9 12 11 17 20 18 23 26 25 30
1 4 7 9 12 11 17 20 18 23 27 28 30
1 4 7 9 12 11 17 20 18 24 26 28 30
1 4 7 9 12 11 17 20 18 24 27 25 30
1 4 7 9 13 14 15 16 17 22 23 24 30
1 4 7 9 13 14 15 16 17 22 25 28 30
1 4 7 9 13 14 15 16 17 22 26 27 30
1 4 7 9 13 14 15 16 17 23 26 25 30
1 4 7 9 13 14 15 16 17 23 27 28 30
1 4 7 9 13 14 15 16 17 24 26 28 30
1 4 7 9 13 14 15 16 17 24 27 25 30
1 4 7 9 13 14 15 18 21 22 23 24 30
1 4 7 9 13 14 15 18 21 22 25 28 30
1 4 7 9 13 14 15 18 21 22 26 27 30
1 4 7 9 13 14 15 18 21 23 26 25 30
1 4 7 9 13 14 15 18 21 23 27 28 30
1 4 7 9 13 14 15 18 21 24 26 28 30
1 4 7 9 13 14 15 18 21 24 27 25 30
1 4 7 9 13 14 15 19 20 22 23 24 30
1 4 7 9 13 14 15 19 20 22 25 28 30
1 4 7 9 13 14 15 19 20 22 26 27 30
1 4 7 9 13 14 15 19 20 23 26 25 30
1 4 7 9 13 14 15 19 20 23 27 28 30
1 4 7 9 13 14 15 19 20 24 26 28 30
1 4 7 9 13 14 15 19 20 24 27 25 30
1 4 7 9 13 14 16 19 18 22 23 24 30
1 4 7 9 13 14 16 19 18 22 25 28 30
1 4 7 9 13 14 16 19 18 22 26 27 30
1 4 7 9 13 14 16 19 18 23 26 25 30
1 4 7 9 13 14 16 19 18 23 27 28 30
1 4 7 9 13 14 16 19 18 24 26 28 30
1 4 7 9 13 14 16 19 18 24 27 25 30
1 4 7 9 13 14 16 20 21 22 23 24 30
1 4 7 9 13 14 16 20 21 22 25 28 30
1 4 7 9 13 14 16 20 21 22 26 27 30
1 4 7 9 13 14 16 20 21 23 26 25 30
1 4 7 9 13 14 16 20 21 23 27 28 30
1 4 7 9 13 14 16 20 21 24 26 28 30
1 4 7 9 13 14 16 20 21 24 27 25 30
1 4 7 9 13 14 17 19 21 22 23 24 30
1 4 7 9 13 14 17 19 21 22 25 28 30
1 4 7 9 13 14 17 19 21 22 26 27 30
1 4 7 9 13 14 17 19 21 23 26 25 30
1 4 7 9 13 14 17 19 21 23 27 28 30
1 4 7 9 13 14 17 19 21 24 26 28 30
1 4 7 9 13 14 17 19 21 24 27 25 30
1 4 7 9 13 14 17 20 18 22 23 24 30
1 4 7 9 13 14 17 20 18 22 25 28 30
1 4 7 9 13 14 17 20 18 22 26 27 30
1 4 7 9 13 14 17 20 18 23 26 25 30
1 4 7 9 13 14 17 20 18 23 27 28 30
1 4 7 9 13 14 17 20 18 24 26 28 30
1 4 7 9 13 14 17 20 18 24 27 25 30
1 4 7 10 12 14 15 16 17 22 23 24 30
1 4 7 10 12 14 15 16 17 22 25 28 30
1 4 7 10 12 14 15 16 17 22 26 27 30
1 4 7 10 12 14 15 16 17 23 26 25 30
1 4 7 10 12 14 15 16 17 23 27 28 30
1 4 7 10 12 14 15 16 17 24 26 28 30
1 4 7 10 12 14 15 16 17 24 27 25 30
1 4 7 10 12 14 15 18 21 22 23 24 30
1 4 7 10 12 14 15 18 21 22 25 28 30
1 4 7 10 12 14 15 18 21 22 26 27 30
1 4 7 10 12 14 15 18 21 23 26 25 30
1 4 7 10 12 14 15 18 21 23 27 28 30
1 4 7 10 12 14 15 18 21 24 26 28 30
1 4 7 10 12 14 15 18 21 24 27 25 30
1 4 7 10 12 14 15 19 20 22 23 24 30
1 4 7 10 12 14 15 19 20 22 25 28 30
1 4 7 10 12 14 15 19 20 22 26 27 30
1 4 7 10 12 14 15 19 20 23 26 25 30
1 4 7 10 12 14 15 19 20 23 27 28 30
1 4 7 10 12 14 15 19 20 24 26 28 30
1 4 7 10 12 14 15 19 20 24 27 25 30
1 4 7 10 12 14 16 19 18 22 23 24 30
1 4 7 10 12 14 16 19 18 22 25 28 30
1 4 7 10 12 14 16 19 18 22 26 27 30
1 4 7 10 12 14 16 19 18 23 26 25 30
1 4 7 10 12 14 16 19 18 23 27 28 30
1 4 7 10 12 14 16 19 18 24 26 28 30
1 4 7 10 12 14 16 19 18 24 27 25 30
1 4 7 10 12 14 16 20 21 22 23 24 30
1 4 7 10 12 14 16 20 21 22 25 28 30
1 4 7 10 12 14 16 20 21 22 26 27 30
1 4 7 10 12 14 16 20 21 23 26 25 30
1 4 7 10 12 14 16 20 21 23 27 28 30
1 4 7 10 12 14 16 20 21 24 26 28 30
1 4 7 10 12 14 16 20 21 24 27 25 30
1 4 7 10 12 14 17 19 21 22 23 24 30
1 4 7 10 12 14 17 19 21 22 25 28 30
1 4 7 10 12 14 17 19 21 22 26 27 30
1 4 7 10 12 14 17 19 21 23 26 25 30
1 4 7 10 12 14 17 19 21 23 27 28 30
1 4 7 10 12 14 17 19 21 24 26 28 30
1 4 7 10 12 14 17 19 21 24 27 25 30
1 4 7 10 12 14 17 20 18 22 23 24 30
1 4 7 10 12 14 17 20 18 22 25 28 30
1 4 7 10 12 14 17 20 18 22 26 27 30
1 4 7 10 12 14 17 20 18 23 26 25 30
1 4 7 10 12 14 17 20 18 23 27 28 30
1 4 7 10 12 14 17 20 18 24 26 28 30
1 4 7 10 12 14 17 20 18 24 27 25 30
1 4 7 10 13 11 15 16 17 22 23 24 30
1 4 7 10 13 11 15 16 17 22 25 28 30
1 4 7 10 13 11 15 16 17 22 26 27 30
1 4 7 10 13 11 15 16 17 23 26 25 30
1 4 7 10 13 11 15 16 17 23 27 28 30
1 4 7 10 13 11 15 16 17 24 26 28 30
1 4 7 10 13 11 15 16 17 24 27 25 30
1 4 7 10 13 11 15 18 21 22 23 24 30
1 4 7 10 13 11 15 18 21 22 25 28 30
1 4 7 10 13 11 15 18 21 22 26 27 30
1 4 7 10 13 11 15 18 21 23 26 25 30
1 4 7 10 13 11 15 18 21 23 27 28 30
1 4 7 10 13 11 15 18 21 24 26 28 30
1 4 7 10 13 11 15 18 21 24 27 25 30
1 4 7 10 13 11 15 19 20 22 23 24 30
1 4 7 10 13 11 15 19 20 22 25 28 30
1 4 7 10 13 11 15 19 20 22 26 27 30
1 4 7 10 13 11 15 19 20 23 26 25 30
1 4 7 10 13 11 15 19 20 23 27 28 30
1 4 7 10 13 11 15 19 20 24 26 28 30
1 4 7 10 13 11 15 19 20 24 27 25 30
1 4 7 10 13 11 16 19 18 22 23 24 30
1 4 7 10 13 11 16 19 18 22 25 28 30
1 4 7 10 13 11 16 19 18 22 26 27 30
1 4 7 10 13 11 16 19 18 23 26 25 30
1 4 7 10 13 11 16 19 18 23 27 28 30
1 4 7 10 13 11 16 19 18 24 26 28 30
1 4 7 10 13 11 16 19 18 24 27 25 30
1 4 7 10 13 11 16 20 21 22 23 24 30
1 4 7 10 13 11 16 20 21 22 25 28 30
1 4 7 10 13 11 16 20 21 22 26 27 30
1 4 7 10 13 11 16 20 21 23 26 25 30
1 4 7 10 13 11 16 20 21 23 27 28 30
1 4 7 10 13 11 16 20 21 24 26 28 30
1 4 7 10 13 11 16 20 21 24 27 25 30
1 4 7 10 13 11 17 19 21 22 23 24 30
1 4 7 10 13 11 17 19 21 22 25 28 30
1 4 7 10 13 11 17 19 21 22 26 27 30
1 4 7 10 13 11 17 19 21 23 26 25 30
1 4 7 10 13 11 17 19 21 23 27 28 30
1 4 7 10 13 11 17 19 21 24 26 28 30
1 4 7 10 13 11 17 19 21 24 27 25 30
1 4 7 10 13 11 17 20 18 22 23 24 30
1 4 7 10 13 11 17 20 18 22 25 28 30
1 4 7 10 13 11 17 20 18 22 26 27 30
1 4 7 10 13 11 17 20 18 23 26 25 30
1 4 7 10 13 11 17 20 18 23 27 28 30
1 4 7 10 13 11 17 20 18 24 26 28 30
1 4 7 10 13 11 17 20 18 24 27 25 30
1 5 6 8 9 10 15 16 17 22 23 24 30
1 5 6 8 9 10 15 16 17 22 25 28 30
1 5 6 8 9 10 15 16 17 22 26 27 30
1 5 6 8 9 10 15 16 17 23 26 25 30
1 5 6 8 9 10 15 16 17 23 27 28 30
1 5 6 8 9 10 15 16 17 24 26 28 30
1 5 6 8 9 10 15 16 17 24 27 25 30
1 5 6 8 9 10 15 18 21 22 23 24 30
1 5 6 8 9 10 15 18 21 22 25 28 30
1 5 6 8 9 10 15 18 21 22 26 27 30
1 5 6 8 9 10 15 18 21 23 26 25 30
1 5 6 8 9 10 15 18 21 23 27 28 30
1 5 6 8 9 10 15 18 21 24 26 28 30
1 5 6 8 9 10 15 18 21 24 27 25 30
1 5 6 8 9 10 15 19 20 22 23 24 30
1 5 6 8 9 10 15 19 20 22 25 28 30
1 5 6 8 9 10 15 19 20 22 26 27 30
1 5 6 8 9 10 15 19 20 23 26 25 30
1 5 6 8 9 10 15 19 20 23 27 28 30
1 5 6 8 9 10 15 19 20 24 26 28 30
1 5 6 8 9 10 15 19 20 24 27 25 30
1 5 6 8 9 10 16 19 18 22 23 24 30
1 5 6 8 9 10 16 19 18 22 25 28 30
1 5 6 8 9 10 16 19 18 22 26 27 30
1 5 6 8 9 10 16 19 18 23 26 25 30
1 5 6 8 9 10 16 19 18 23 27 28 30
1 5 6 8 9 10 16 19 18 24 26 28 30
1 5 6 8 9 10 16 19 18 24 27 25 30
1 5 6 8 9 10 16 20 21 22 23 24 30
1 5 6 8 9 10 16 20 21 22 25 28 30
1 5 6 8 9 10 16 20 21 22 26 27 30
1 5 6 8 9 10 16 20 21 23 26 25 30
1 5 6 8 9 10 16 20 21 23 27 28 30
1 5 6 8 9 10 16 20 21 24 26 28 30
1 5 6 8 9 10 16 20 21 24 27 25 30
1 5 6 8 9 10 17 19 21 22 23 24 30
1 5 6 8 9 10 17 19 21 22 25 28 30
1 5 6 8 9 10 17 19 21 22 26 27 30
1 5 6 8 9 10 17 19 21 23 26 25 30
1 5 6 8 9 10 17 19 21 23 27 28 30
1 5 6 8 9 10 17 19 21 24 26 28 30
1 5 6 8 9 10 17 19 21 24 27 25 30
1 5 6 8 9 10 17 20 18 22 23 24 30
1 5 6 8 9 10 17 20 18 22 25 28 30
1 5 6 8 9 10 17 20 18 22 26 27 30
1 5 6 8 9 10 17 20 18 23 26 25 30
1 5 6 8 9 10 17 20 18 23 27 28 30
1 5 6 8 9 10 17 20 18 24 26 28 30
1 5 6 8 9 10 17 20 18 24 27 25 30
1 5 6 8 11 14 15 16 17 22 23 24 30
1 5 6 8 11 14 15 16 17 22 25 28 30
1 5 6 8 11 14 15 16 17 22 26 27 30
1 5 6 8 11 14 15 16 17 23 26 25 30
1 5 6 8 11 14 15 16 17 23 27 28 30
1 5 6 8 11 14 15 16 17 24 26 28 30
1 5 6 8 11 14 15 16 17 24 27 25 30
1 5 6 8 11 14 15 18 21 22 23 24 30
1 5 6 8 11 14 15 18 21 22 25 28 30
1 5 6 8 11 14 15 18 21 22 26 27 30
1 5 6 8 11 14 15 18 21 23 26 25 30
1 5 6 8 11 14 15 18 21 23 27 28 30
1 5 6 8 11 14 15 18 21 24 26 28 30
1 5 6 8 11 14 15 18 21 24 27 25 30
1 5 6 8 11 14 15 19 20 22 23 24 30
1 5 6 8 11 14 15 19 20 22 25 28 30
1 5 6 8 11 14 15 19 20 22 26 27 30
1 5 6 8 11 14 15 19 20 23 26 25 30
1 5 6 8 11 14 15 19 20 23 27 28 30
1 5 6 8 11 14 15 19 20 24 26 28 30
1 5 6 8 11 14 15 19 20 24 27 25 30
1 5 6 8 11 14 16 19 18 22 23 24 30
1 5 6 8 11 14 16 19 18 22 25 28 30
1 5 6 8 11 14 16 19 18 22 26 27 30
1 5 6 8 11 14 16 19 18 23 26 25 30
1 5 6 8 11 14 16 19 18 23 27 28 30
1 5 6 8 11 14 16 19 18 24 26 28 30
1 5 6 8 11 14 16 19 18 24 27 25 30
1 5 6 8 11 14 16 20 21 22 23 24 30
1 5 6 8 11 14 16 20 21 22 25 28 30
1 5 6 8 11 14 16 20 21 22 26 27 30
1 5 6 8 11 14 16 20 21 23 26 25 30
1 5 6 8 11 14 16 20 21 23 27 28 30
1 5 6 8 11 14 16 20 21 24 26 28 30
1 5 6 8 11 14 16 20 21 24 27 25 30
1 5 6 8 11 14 17 19 21 22 23 24 30
1 5 6 8 11 14 17 19 21 22 25 28 30
1 5 6 8 11 14 17 19 21 22 26 27 30
1 5 6 8 11 14 17 19 21 23 26 25 30
1 5 6 8 11 14 17 19 21 23 27 28 30
1 5 6 8 11 14 17 19 21 24 26 28 30
1 5 6 8 11 14 17 19 21 24 27 25 30
1 5 6 8 11 14 17 20 18 22 23 24 30
1 5 6 8 11 14 17 20 18 22 25 28 30
1 5 6 8 11 14 17 20 18 22 26 27 30
1 5 6 8 11 14 17 20 18 23 26 25 30
1 5 6 8 11 14 17 20 18 23 27 28 30
1 5 6 8 11 14 17 20 18 24 26 28 30
1 5 6 8 11 14 17 20 18 24 27 25 30
1 5 6 8 12 13 15 16 17 22 23 24 30
1 5 6 8 12 13 15 16 17 22 25 28 30
1 5 6 8 12 13 15 16 17 22 26 27 30
1 5 6 8 12 13 15 16 17 23 26 25 30
1 5 6 8 12 13 15 16 17 23 27 28 30
1 5 6 8 12 13 15 16 17 24 26 28 30
1 5 6 8 12 13 15 16 17 24 27 25 30
1 5 6 8 12 13 15 18 21 22 23 24 30
1 5 6 8 12 13 15 18 21 22 25 28 30
1 5 6 8 12 13 15 18 21 22 26 27 30
1 5 6 8 12 13 15 18 21 23 26 25 30
1 5 6 8 12 13 15 18 21 23 27 28 30
1 5 6 8 12 13 15 18 21 24 26 28 30
1 5 6 8 12 13 15 18 21 24 27 25 30
1 5 6 8 12 13 15 19 20 22 23 24 30
1 5 6 8 12 13 15 19 20 22 25 28 30
1 5 6 8 12 13 15 19 20 22 26 27 30
1 5 6 8 12 13 15 19 20 23 26 25 30
1 5 6 8 12 13 15 19 20 23 27 28 30
1 5 6 8 12 13 15 19 20 24 26 28 30
1 5 6 8 12 13 15 19 20 24 27 25 30
1 5 6 8 12 13 16 19 18 22 23 24 30
1 5 6 8 12 13 16 19 18 22 25 28 30
1 5 6 8 12 13 16 19 18 22 26 27 30
1 5 6 8 12 13 16 19 18 23 26 25 30
1 5 6 8 12 13 16 19 18 23 27 28 30
1 5 6 8 12 13 16 19 18 24 26 28 30
1 5 6 8 12 13 16 19 18 24 27 25 30
1 5 6 8 12 13 16 20 21 22 23 24 30
1 5 6 8 12 13 16 20 21 22 25 28 30
1 5 6 8 12 13 16 20 21 22 26 27 30
1 5 6 8 12 13 16 20 21 23 26 25 30
1 5 6 8 12 13 16 20 21 23 27 28 30
1 5 6 8 12 13 16 20 21 24 26 28 30
1 5 6 8 12 13 16 20 21 24 27 25 30
1 5 6 8 12 13 17 19 21 22 23 24 30
1 5 6 8 12 13 17 19 21 22 25 28 30
1 5 6 8 12 13 17 19 21 22 26 27 30
1 5 6 8 12 13 17 19 21 23 26 25 30
1 5 6 8 12 13 17 19 21 23 27 28 30
1 5 6 8 12 13 17 19 21 24 26 28 30
1 5 6 8 12 13 17 19 21 24 27 25 30
1 5 6 8 12 13 17 20 18 22 23 24 30
1 5 6 8 12 13 17 20 18 22 25 28 30
1 5 6 8 12 13 17 20 18 22 26 27 30
1 5 6 8 12 13 17 20 18 23 26 25 30
1 5 6 8 12 13 17 20 18 23 27 28 30
1 5 6 8 12 13 17 20 18 24 26 28 30
1 5 6 8 12 13 17 20 18 24 27 25 30
1 5 6 9 12 11 15 16 17 22 23 24 30
1 5 6 9 12 11 15 16 17 22 25 28 30
1 5 6 9 12 11 15 16 17 22 26 27 30
1 5 6 9 12 11 15 16 17 23 26 25 30
1 5 6 9 12 11 15 16 17 23 27 28 30
1 5 6 9 12 11 15 16 17 24 26 28 30
1 5 6 9 12 11 15 16 17 24 27 25 30
1 5 6 9 12 11 15 18 21 22 23 24 30
1 5 6 9 12 11 15 18 21 22 25 28 30
1 5 6 9 12 11 15 18 21 22 26 27 30
1 5 6 9 12 11 15 18 21 23 26 25 30
1 5 6 9 12 11 15 18 21 23 27 28 30
1 5 6 9 12 11 15 18 21 24 26 28 30
1 5 6 9 12 11 15 18 21 24 27 25 30
1 5 6 9 12 11 15 19 20 22 23 24 30
1 5 6 9 12 11 15 19 20 22 25 28 30
1 5 6 9 12 11 15 19 20 22 26 27 30
1 5 6 9 12 11 15 19 20 23 26 25 30
1 5 6 9 12 11 15 19 20 23 27 28 30
1 5 6 9 12 11 15 19 20 24 26 28 30
1 5 6 9 12 11 15 19 20 24 27 25 30
1 5 6 9 12 11 16 19 18 22 23 24 30
1 5 6 9 12 11 16 19 18 22 25 28 30
1 5 6 9 12 11 16 19 18 22 26 27 30
1 5 6 9 12 11 16 19 18 23 26 25 30
1 5 6 9 12 11 16 19 18 23 27 28 30
1 5 6 9 12 11 16 19 18 24 26 28 30
1 5 6 9 12 11 16 19 18 24 27 25 30
1 5 6 9 12 11 16 20 21 22 23 24 30
1 5 6 9 12 11 16 20 21 22 25 28 30
1 5 6 9 12 11 16 20 21 22 26 27 30
1 5 6 9 12 11 16 20 21 23 26 25 30
1 5 6 9 12 11 16 20 21 23 27 28 30
1 5 6 9 12 11 16 20 21 24 26 28 30
1 5 6 9 12 11 16 20 21 24 27 25 30
1 5 6 9 12 11 17 19 21 22 23 24 30
1 5 6 9 12 11 17 19 21 22 25 28 30
1 5 6 9 12 11 17 19 21 22 26 27 30
1 5 6 9 12 11 17 19 21 23 26 25 30
1 5 6 9 12 11 17 19 21 23 27 28 30
1 5 6 9 12 11 17 19 21 24 26 28 30
1 5 6 9 12 11 17 19 21 24 27 25 30
1 5 6 9 12 11 17 20 18 22 23 24 30
1 5 6 9 12 11 17 20 18 22 25 28 30
1 5 6 9 12 11 17 20 18 22 26 27 30
1 5 6 9 12 11 17 20 18 23 26 25 30
1 5 6 9 12 11 17 20 18 23 27 28 30
1 5 6 9 12 11 17 20 18 24 26 28 30
1 5 6 9 12 11 17 20 18 24 27 25 30
1 5 6 9 13 14 15 16 17 22 23 24 30
1 5 6 9 13 14 15 16 17 22 25 28 30
1 5 6 9 13 14 15 16 17 22 26 27 30
1 5 6 9 13 14 15 16 17 23 26 25 30
1 5 6 9 13 14 15 16 17 23 27 28 30
1 5 6 9 13 14 15 16 17 24 26 28 30
1 5 6 9 13 14 15 16 17 24 27 25 30
1 5 6 9 13 14 15 18 21 22 23 24 30
1 5 6 9 13 14 15 18 21 22 25 28 30
1 5 6 9 13 14 15 18 21 22 26 27 30
1 5 6 9 13 14 15 18 21 23 26 25 30
1 5 6 9 13 14 15 18 21 23 27 28 30
1 5 6 9 13 14 15 18 21 24 26 28 30
1 5 6 9 13 14 15 18 21 24 27 25 30
1 5 6 9 13 14 15 19 20 22 23 24 30
1 5 6 9 13 14 15 19 20 22 25 28 30
1 5 6 9 13 14 15 19 20 22 26 27 30
1 5 6 9 13 14 15 19 20 23 26 25 30
1 5 6 9 13 14 15 19 20 23 27 28 30
1 5 6 9 13 14 15 19 20 24 26 28 30
1 5 6 9 13 14 15 19 20 24 27 25 30
1 5 6 9 13 14 16 19 18 22 23 24 30
1 5 6 9 13 14 16 19 18 22 25 28 30
1 5 6 9 13 14 16 19 18 22 26 27 30
1 5 6 9 13 14 16 19 18 23 26 25 30
1 5 6 9 13 14 16 19 18 23 27 28 30
1 5 6 9 13 14 16 19 18 24 26 28 30
1 5 6 9 13 14 16 19 18 24 27 25 30
1 5 6 9 13 14 16 20 21 22 23 24 30
1 5 6 9 13 14 16 20 21 22 25 28 30
1 5 6 9 13 14 16 20 21 22 26 27 30
1 5 6 9 13 14 16 20 21 23 26 25 30
1 5 6 9 13 14 16 20 21 23 27 28 30
1 5 6 9 13 14 16 20 21 24 26 28 30
1 5 6 9 13 14 16 20 21 24 27 25 30
1 5 6 9 13 14 17 19 21 22 23 24 30
1 5 6 9 13 14 17 19 21 22 25 28 30
1 5 6 9 13 14 17 19 21 22 26 27 30
1 5 6 9 13 14 17 19 21 23 26 25 30
1 5 6 9 13 14 17 19 21 23 27 28 30
1 5 6 9 13 14 17 19 21 24 26 28 30
1 5 6 9 13 14 17 19 21 24 27 25 30
1 5 6 9 13 14 17 20 18 22 23 24 30
1 5 6 9 13 14 17 20 18 22 25 28 30
1 5 6 9 13 14 17 20 18 22 26 27 30
1 5 6 9 13 14 17 20 18 23 26 25 30
1 5 6 9 13 14 17 20 18 23 27 28 30
1 5 6 9 13 14 17 20 18 24 26 28 30
1 5 6 9 13 14 17 20 18 24 27 25 30
1 5 6 10 12 14 15 16 17 22 23 24 30
1 5 6 10 12 14 15 16 17 22 25 28 30
1 5 6 10 12 14 15 16 17 22 26 27 30
1 5 6 10 12 14 15 16 17 23 26 25 30
1 5 6 10 12 14 15 16 17 23 27 28 30
1 5 6 10 12 14 15 16 17 24 26 28 30
1 5 6 10 12 14 15 16 17 24 27 25 30
1 5 6 10 12 14 15 18 21 22 23 24 30
1 5 6 10 12 14 15 18 21 22 25 28 30
1 5 6 10 12 14 15 18 21 22 26 27 30
1 5 6 10 12 14 15 18 21 23 26 25 30
1 5 6 10 12 14 15 18 21 23 27 28 30
1 5 6 10 12 14 15 18 21 24 26 28 30
1 5 6 10 12 14 15 18 21 24 27 25 30
1 5 6 10 12 14 15 19 20 22 23 24 30
1 5 6 10 12 14 15 19 20 22 25 28 30
1 5 6 10 12 14 15 19 20 22 26 27 30
1 5 6 10 12 14 15 19 20 23 26 25 30
1 5 6 10 12 14 15 19 20 23 27 28 30
1 5 6 10 12 14 15 19 20 24 26 28 30
1 5 6 10 12 14 15 19 20 24 27 25 30
1 5 6 10 12 14 16 19 18 22 23 24 30
1 5 6 10 12 14 16 19 18 22 25 28 30
1 5 6 10 12 14 16 19 18 22 26 27 30
1 5 6 10 12 14 16 19 18 23 26 25 30
1 5 6 10 12 14 16 19 18 23 27 28 30
1 5 6 10 12 14 16 19 18 24 26 28 30
1 5 6 10 12 14 16 19 18 24 27 25 30
1 5 6 10 12 14 16 20 21 22 23 24 30
1 5 6 10 12 14 16 20 21 22 25 28 30
1 5 6 10 12 14 16 20 21 22 26 27 30
1 5 6 10 12 14 16 20 21 23 26 25 30
1 5 6 10 12 14 16 20 21 23 27 28 30
1 5 6 10 12 14 16 20 21 24 26 28 30
1 5 6 10 12 14 16 20 21 24 27 25 30
1 5 6 10 12 14 17 19 21 22 23 24 30
1 5 6 10 12 14 17 19 21 22 25 28 30
1 5 6 10 12 14 17 19 21 22 26 27 30
1 5 6 10 12 14 17 19 21 23 26 25 30
1 5 6 10 12 14 17 19 21 23 27 28 30
1 5 6 10 12 14 17 19 21 24 26 28 30
1 5 6 10 12 14 17 19 21 24 27 25 30
1 5 6 10 12 14 17 20 18 22 23 24 30
1 5 6 10 12 14 17 20 18 22 25 28 30
1 5 6 10 12 14 17 20 18 22 26 27 30
1 5 6 10 12 14 17 20 18 23 26 25 30
1 5 6 10 12 14 17 20 18 23 27 28 30
1 5 6 10 12 14 17 20 18 24 26 28 30
1 5 6 10 12 14 17 20 18 24 27 25 30
1 5 6 10 13 11 15 16 17 22 23 24 30
1 5 6 10 13 11 15 16 17 22 25 28 30
1 5 6 10 13 11 15 16 17 22 26 27 30
1 5 6 10 13 11 15 16 17 23 26 25 30
1 5 6 10 13 11 15 16 17 23 27 28 30
1 5 6 10 13 11 15 16 17 24 26 28 30
1 5 6 10 13 11 15 16 17 24 27 25 30
1 5 6 10 13 11 15 18 21 22 23 24 30
1 5 6 10 13 11 15 18 21 22 25 28 30
1 5 6 10 13 11 15 18 21 22 26 27 30
1 5 6 10 13 11 15 18 21 23 26 25 30
1 5 6 10 13 11 15 18 21 23 27 28 30
1 5 6 10 13 11 15 18 21 24 26 28 30
1 5 6 10 13 11 15 18 21 24 27 25 30
1 5 6 10 13 11 15 19 20 22 23 24 30
1 5 6 10 13 11 15 19 20 22 25 28 30
1 5 6 10 13 11 15 19 20 22 26 27 30
1 5 6 10 13 11 15 19 20 23 26 25 30
1 5 6 10 13 11 15 19 20 23 27 28 30
1 5 6 10 13 11 15 19 20 24 26 28 30
1 5 6 10 13 11 15 19 20 24 27 25 30
1 5 6 10 13 11 16 19 18 22 23 24 30
1 5 6 10 13 11 16 19 18 22 25 28 30
1 5 6 10 13 11 16 19 18 22 26 27 30
1 5 6 10 13 11 16 19 18 23 26 25 30
1 5 6 10 13 11 16 19 18 23 27 28 30
1 5 6 10 13 11 16 19 18 24 26 28 30
1 5 6 10 13 11 16 19 18 24 27 25 30
1 5 6 10 13 11 16 20 21 22 23 24 30
1 5 6 10 13 11 16 20 21 22 25 28 30
1 5 6 10 13 11 16 20 21 22 26 27 30
1 5 6 10 13 11 16 20 21 23 26 25 30
1 5 6 10 13 11 16 20 21 23 27 28 30
1 5 6 10 13 11 16 20 21 24 26 28 30
1 5 6 10 13 11 16 20 21 24 27 25 30
1 5 6 10 13 11 17 19 21 22 23 24 30
1 5 6 10 13 11 17 19 21 22 25 28 30
1 5 6 10 13 11 17 19 21 22 26 27 30
1 5 6 10 13 11 17 19 21 23 26 25 30
1 5 6 10 13 11 17 19 21 23 27 28 30
1 5 6 10 13 11 17 19 21 24 26 28 30
1 5 6 10 13 11 17 19 21 24 27 25 30
1 5 6 10 13 11 17 20 18 22 23 24 30
1 5 6 10 13 11 17 20 18 22 25 28 30
1 5 6 10 13 11 17 20 18 22 26 27 30
1 5 6 10 13 11 17 20 18 23 26 25 30
1 5 6 10 13 11 17 20 18 23 27 28 30
1 5 6 10 13 11 17 20 18 24 26 28 30
1 5 6 10 13 11 17 20 18 24 27 25 30
2 5 4 8 9 10 15 16 17 22 23 24 30
2 5 4 8 9 10 15 16 17 22 25 28 30
2 5 4 8 9 10 15 16 17 22 26 27 30
2 5 4 8 9 10 15 16 17 23 26 25 30
2 5 4 8 9 10 15 16 17 23 27 28 30
2 5 4 8 9 10 15 16 17 24 26 28 30
2 5 4 8 9 10 15 16 17 24 27 25 30
2 5 4 8 9 10 15 18 21 22 23 24 30
2 5 4 8 9 10 15 18 21 22 25 28 30
2 5 4 8 9 10 15 18 21 22 26 27 30
2 5 4 8 9 10 15 18 21 23 26 25 30
2 5 4 8 9 10 15 18 21 23 27 28 30
2 5 4 8 9 10 15 18 21 24 26 28 30
2 5 4 8 9 10 15 18 21 24 27 25 30
2 5 4 8 9 10 15 19 20 22 23 24 30
2 5 4 8 9 10 15 19 20 22 25 28 30
2 5 4 8 9 10 15 19 20 22 26 27 30
2 5 4 8 9 10 15 19 20 23 26 25 30
2 5 4 8 9 10 15 19 20 23 27 28 30
2 5 4 8 9 10 15 19 20 24 26 28 30
2 5 4 8 9 10 15 19 20 24 27 25 30
2 5 4 8 9 10 16 19 18 22 23 24 30
2 5 4 8 9 10 16 19 18 22 25 28 30
2 5 4 8 9 10 16 19 18 22 26 27 30
2 5 4 8 9 10 16 19 18 23 26 25 30
2 5 4 8 9 10 16 19 18 23 27 28 30
2 5 4 8 9 10 16 19 18 24 26 28 30
2 5 4 8 9 10 16 19 18 24 27 25 30
2 5 4 8 9 10 16 20 21 22 23 24 30
2 5 4 8 9 10 16 20 21 22 25 28 30
2 5 4 8 9 10 16 20 21 22 26 27 30
2 5 4 8 9 10 16 20 21 23 26 25 30
2 5 4 8 9 10 16 20 21 23 27 28 30
2 5 4 8 9 10 16 20 21 24 26 28 30
2 5 4 8 9 10 16 20 21 24 27 25 30
2 5 4 8 9 10 17 19 21 22 23 24 30
2 5 4 8 9 10 17 19 21 22 25 28 30
2 5 4 8 9 10 17 19 21 22 26 27 30
2 5 4 8 9 10 17 19 21 23 26 25 30
2 5 4 8 9 10 17 19 21 23 27 28 30
2 5 4 8 9 10 17 19 21 24 26 28 30
2 5 4 8 9 10 17 19 21 24 27 25 30
2 5 4 8 9 10 17 20 18 22 23 24 30
2 5 4 8 9 10 17 20 18 22 25 28 30
2 5 4 8 9 10 17 20 18 22 26 27 30
2 5 4 8 9 10 17 20 18 23 26 25 30
2 5 4 8 9 10 17 20 18 23 27 28 30
2 5 4 8 9 10 17 20 18 24 26 28 30
2 5 4 8 9 10 17 20 18 24 27 25 30
2 5 4 8 11 14 15 16 17 22 23 24 30
2 5 4 8 11 14 15 16 17 22 25 28 30
2 5 4 8 11 14 15 16 17 22 26 27 30
2 5 4 8 11 14 15 16 17 23 26 25 30
2 5 4 8 11 14 15 16 17 23 27 28 30
2 5 4 8 11 14 15 16 17 24 26 28 30
2 5 4 8 11 14 15 16 17 24 27 25 30
2 5 4 8 11 14 15 18 21 22 23 24 30
2 5 4 8 11 14 15 18 21 22 25 28 30
2 5 4 8 11 14 15 18 21 22 26 27 30
2 5 4 8 11 14 15 18 21 23 26 25 30
2 5 4 8 11 14 15 18 21 23 27 28 30
2 5 4 8 11 14 15 18 21 24 26 28 30
2 5 4 8 11 14 15 18 21 24 27 25 30
2 5 4 8 11 14 15 19 20 22 23 24 30
2 5 4 8 11 14 15 19 20 22 25 28 30
2 5 4 8 11 14 15 19 20 22 26 27 30
2 5 4 8 11 14 15 19 20 23 26 25 30
2 5 4 8 11 14 15 19 20 23 27 28 30
2 5 4 8 11 14 15 19 20 24 26 28 30
2 5 4 8 11 14 15 19 20 24 27 25 30
2 5 4 8 11 14 16 19 18 22 23 24 30
2 5 4 8 11 14 16 19 18 22 25 28 30
2 5 4 8 11 14 16 19 18 22 26 27 30
2 5 4 8 11 14 16 19 18 23 26 25 30
2 5 4 8 11 14 16 19 18 23 27 28 30
2 5 4 8 11 14 16 19 18 24 26 28 30
2 5 4 8 11 14 16 19 18 24 27 25 30
2 5 4 8 11 14 16 20 21 22 23 24 30
2 5 4 8 11 14 16 20 21 22 25 28 30
2 5 4 8 11 14 16 20 21 22 26 27 30
2 5 4 8 11 14 16 20 21 23 26 25 30
2 5 4 8 11 14 16 20 21 23 27 28 30
2 5 4 8 11 14 16 20 21 24 26 28 30
2 5 4 8 11 14 16 20 21 24 27 25 30
2 5 4 8 11 14 17 19 21 22 23 24 30
2 5 4 8 11 14 17 19 21 22 25 28 30
2 5 4 8 11 14 17 19 21 22 26 27 30
2 5 4 8 11 14 17 19 21 23 26 25 30
2 5 4 8 11 14 17 19 21 23 27 28 30
2 5 4 8 11 14 17 19 21 24 26 28 30
2 5 4 8 11 14 17 19 21 24 27 25 30
2 5 4 8 11 14 17 20 18 22 23 24 30
2 5 4 8 11 14 17 20 18 22 25 28 30
2 5 4 8 11 14 17 20 18 22 26 27 30
2 5 4 8 11 14 17 20 18 23 26 25 30
2 5 4 8 11 14 17 20 18 23 27 28 30
2 5 4 8 11 14 17 20 18 24 26 28 30
2 5 4 8 11 14 17 20 18 24 27 25 30
2 5 4 8 12 13 15 16 17 22 23 24 30
2 5 4 8 12 13 15 16 17 22 25 28 30
2 5 4 8 12 13 15 16 17 22 26 27 30
2 5 4 8 12 13 15 16 17 23 26 25 30
2 5 4 8 12 13 15 16 17 23 27 28 30
2 5 4 8 12 13 15 16 17 24 26 28 30
2 5 4 8 12 13 15 16 17 24 27 25 30
2 5 4 8 12 13 15 18 21 22 23 24 30
2 5 4 8 12 13 15 18 21 22 25 28 30
2 5 4 8 12 13 15 18 21 22 26 27 30
2 5 4 8 12 13 15 18 21 23 26 25 30
2 5 4 8 12 13 15 18 21 23 27 28 30
2 5 4 8 12 13 15 18 21 24 26 28 30
2 5 4 8 12 13 15 18 21 24 27 25 30
2 5 4 8 12 13 15 19 20 22 23 24 30
2 5 4 8 12 13 15 19 20 22 25 28 30
2 5 4 8 12 13 15 19 20 22 26 27 30
2 5 4 8 12 13 15 19 20 23 26 25 30
2 5 4 8 12 13 15 19 20 23 27 28 30
2 5 4 8 12 13 15 19 20 24 26 28 30
2 5 4 8 12 13 15 19 20 24 27 25 30
2 5 4 8 12 13 16 19 18 22 23 24 30
2 5 4 8 12 13 16 19 18 22 25 28 30
2 5 4 8 12 13 16 19 18 22 26 27 30
2 5 4 8 12 13 16 19 18 23 26 25 30
2 5 4 8 12 13 16 19 18 23 27 28 30
2 5 4 8 12 13 16 19 18 24 26 28 30
2 5 4 8 12 13 16 19 18 24 27 25 30
2 5 4 8 12 13 16 20 21 22 23 24 30
2 5 4 8 12 13 16 20 21 22 25 28 30
2 5 4 8 12 13 16 20 21 22 26 27 30
2 5 4 8 12 13 16 20 21 23 26 25 30
2 5 4 8 12 13 16 20 21 23 27 28 30
2 5 4 8 12 13 16 20 21 24 26 28 30
2 5 4 8 12 13 16 20 21 24 27 25 30
2 5 4 8 12 13 17 19 21 22 23 24 30
2 5 4 8 12 13 17 19 21 22 25 28 30
2 5 4 8 12 13 17 19 21 22 26 27 30
2 5 4 8 12 13 17 19 21 23 26 25 30
2 5 4 8 12 13 17 19 21 23 27 28 30
2 5 4 8 12 13 17 19 21 24 26 28 30
2 5 4 8 12 13 17 19 21 24 27 25 30
2 5 4 8 12 13 17 20 18 22 23 24 30
2 5 4 8 12 13 17 20 18 22 25 28 30
2 5 4 8 12 13 17 20 18 22 26 27 30
2 5 4 8 12 13 17 20 18 23 26 25 30
2 5 4 8 12 13 17 20 18 23 27 28 30
2 5 4 8 12 13 17 20 18 24 26 28 30
2 5 4 8 12 13 17 20 18 24 27 25 30
2 5 4 9 12 11 15 16 17 22 23 24 30
2 5 4 9 12 11 15 16 17 22 25 28 30
2 5 4 9 12 11 15 16 17 22 26 27 30
2 5 4 9 12 11 15 16 17 23 26 25 30
2 5 4 9 12 11 15 16 17 23 27 28 30
2 5 4 9 12 11 15 16 17 24 26 28 30
2 5 4 9 12 11 15 16 17 24 27 25 30
2 5 4 9 12 11 15 18 21 22 23 24 30
2 5 4 9 12 11 15 18 21 22 25 28 30
2 5 4 9 12 11 15 18 21 22 26 27 30
2 5 4 9 12 11 15 18 21 23 26 25 30
2 5 4 9 12 11 15 18 21 23 27 28 30
2 5 4 9 12 11 15 18 21 24 26 28 30
2 5 4 9 12 11 15 18 21 24 27 25 30
2 5 4 9 12 11 15 19 20 22 23 24 30
2 5 4 9 12 11 15 19 20 22 25 28 30
2 5 4 9 12 11 15 19 20 22 26 27 30
2 5 4 9 12 11 15 19 20 23 26 25 30
2 5 4 9 12 11 15 19 20 23 27 28 30
2 5 4 9 12 11 15 19 20 24 26 28 30
2 5 4 9 12 11 15 19 20 24 27 25 30
2 5 4 9 12 11 16 19 18 22 23 24 30
2 5 4 9 12 11 16 19 18 22 25 28 30
2 5 4 9 12 11 16 19 18 22 26 27 30
2 5 4 9 12 11 16 19 18 23 26 25 30
2 5 4 9 12 11 16 19 18 23 27 28 30
2 5 4 9 12 11 16 19 18 24 26 28 30
2 5 4 9 12 11 16 19 18 24 27 25 30
2 5 4 9 12 11 16 20 21 22 23 24 30
2 5 4 9 12 11 16 20 21 22 25 28 30
2 5 4 9 12 11 16 20 21 22 26 27 30
2 5 4 9 12 11 16 20 21 23 26 25 30
2 5 4 9 12 11 16 20 21 23 27 28 30
2 5 4 9 12 11 16 20 21 24 26 28 30
2 5 4 9 12 11 16 20 21 24 27 25 30
2 5 4 9 12 11 17 19 21 22 23 24 30
2 5 4 9 12 11 17 19 21 22 25 28 30
2 5 4 9 12 11 17 19 21 22 26 27 30
2 5 4 9 12 11 17 19 21 23 26 25 30
2 5 4 9 12 11 17 19 21 23 27 28 30
2 5 4 9 12 11 17 19 21 24 26 28 30
2 5 4 9 12 11 17 19 21 24 27 25 30
2 5 4 9 12 11 17 20 18 22 23 24 30
2 5 4 9 12 11 17 20 18 22 25 28 30
2 5 4 9 12 11 17 20 18 22 26 27 30
2 5 4 9 12 11 17 20 18 23 26 25 30
2 5 4 9 12 11 17 20 18 23 27 28 30
2 5 4 9 12 11 17 20 18 24 26 28 30
2 5 4 9 12 11 17 20 18 24 27 25 30
2 5 4 9 13 14 15 16 17 22 23 24 30
2 5 4 9 13 14 15 16 17 22 25 28 30
2 5 4 9 13 14 15 16 17 22 26 27 30
2 5 4 9 13 14 15 16 17 23 26 25 30
2 5 4 9 13 14 15 16 17 23 27 28 30
2 5 4 9 13 14 15 16 17 24 26 28 30
2 5 4 9 13 14 15 16 17 24 27 25 30
2 5 4 9 13 14 15 18 21 22 23 24 30
2 5 4 9 13 14 15 18 21 22 25 28 30
2 5 4 9 13 14 15 18 21 22 26 27 30
2 5 4 9 13 14 15 18 21 23 26 25 30
2 5 4 9 13 14 15 18 21 23 27 28 30
2 5 4 9 13 14 15 18 21 24 26 28 30
2 5 4 9 13 14 15 18 21 24 27 25 30
2 5 4 9 13 14 15 19 20 22 23 24 30
2 5 4 9 13 14 15 19 20 22 25 28 30
2 5 4 9 13 14 15 19 20 22 26 27 30
2 5 4 9 13 14 15 19 20 23 26 25 30
2 5 4 9 13 14 15 19 20 23 27 28 30
2 5 4 9 13 14 15 19 20 24 26 28 30
2 5 4 9 13 14 15 19 20 24 27 25 30
2 5 4 9 13 14 16 19 18 22 23 24 30
2 5 4 9 13 14 16 19 18 22 25 28 30
2 5 4 9 13 14 16 19 18 22 26 27 30
2 5 4 9 13 14 16 19 18 23 26 25 30
2 5 4 9 13 14 16 19 18 23 27 28 30
2 5 4 9 13 14 16 19 18 24 26 28 30
2 5 4 9 13 14 16 19 18 24 27 25 30
2 5 4 9 13 14 16 20 21 22 23 24 30
2 5 4 9 13 14 16 20 21 22 25 28 30
2 5 4 9 13 14 16 20 21 22 26 27 30
2 5 4 9 13 14 16 20 21 23 26 25 30
2 5 4 9 13 14 16 20 21 23 27 28 30
2 5 4 9 13 14 16 20 21 24 26 28 30
2 5 4 9 13 14 16 20 21 24 27 25 30
2 5 4 9 13 14 17 19 21 22 23 24 30
2 5 4 9 13 14 17 19 21 22 25 28 30
2 5 4 9 13 14 17 19 21 22 26 27 30
2 5 4 9 13 14 17 19 21 23 26 25 30
2 5 4 9 13 14 17 19 21 23 27 28 30
2 5 4 9 13 14 17 19 21 24 26 28 30
2 5 4 9 13 14 17 19 21 24 27 25 30
2 5 4 9 13 14 17 20 18 22 23 24 30
2 5 4 9 13 14 17 20 18 22 25 28 30
2 5 4 9 13 14 17 20 18 22 26 27 30
2 5 4 9 13 14 17 20 18 23 26 25 30
2 5 4 9 13 14 17 20 18 23 27 28 30
2 5 4 9 13 14 17 20 18 24 26 28 30
2 5 4 9 13 14 17 20 18 24 27 25 30
2 5 4 10 12 14 15 16 17 22 23 24 30
2 5 4 10 12 14 15 16 17 22 25 28 30
2 5 4 10 12 14 15 16 17 22 26 27 30
2 5 4 10 12 14 15 16 17 23 26 25 30
2 5 4 10 12 14 15 16 17 23 27 28 30
2 5 4 10 12 14 15 16 17 24 26 28 30
2 5 4 10 12 14 15 16 17 24 27 25 30
2 5 4 10 12 14 15 18 21 22 23 24 30
2 5 4 10 12 14 15 18 21 22 25 28 30
2 5 4 10 12 14 15 18 21 22 26 27 30
2 5 4 10 12 14 15 18 21 23 26 25 30
2 5 4 10 12 14 15 18 21 23 27 28 30
2 5 4 10 12 14 15 18 21 24 26 28 30
2 5 4 10 12 14 15 18 21 24 27 25 30
2 5 4 10 12 14 15 19 20 22 23 24 30
2 5 4 10 12 14 15 19 20 22 25 28 30
2 5 4 10 12 14 15 19 20 22 26 27 30
2 5 4 10 12 14 15 19 20 23 26 25 30
2 5 4 10 12 14 15 19 20 23 27 28 30
2 5 4 10 12 14 15 19 20 24 26 28 30
2 5 4 10 12 14 15 19 20 24 27 25 30
2 5 4 10 12 14 16 19 18 22 23 24 30
2 5 4 10 12 14 16 19 18 22 25 28 30
2 5 4 10 12 14 16 19 18 22 26 27 30
2 5 4 10 12 14 16 19 18 23 26 25 30
2 5 4 10 12 14 16 19 18 23 27 28 30
2 5 4 10 12 14 16 19 18 24 26 28 30
2 5 4 10 12 14 16 19 18 24 27 25 30
2 5 4 10 12 14 16 20 21 22 23 24 30
2 5 4 10 12 14 16 20 21 22 25 28 30
2 5 4 10 12 14 16 20 21 22 26 27 30
2 5 4 10 12 14 16 20 21 23 26 25 30
2 5 4 10 12 14 16 20 21 23 27 28 30
2 5 4 10 12 14 16 20 21 24 26 28 30
2 5 4 10 12 14 16 20 21 24 27 25 30
2 5 4 10 12 14 17 19 21 22 23 24 30
2 5 4 10 12 14 17 19 21 22 25 28 30
2 5 4 10 12 14 17 19 21 22 26 27 30
2 5 4 10 12 14 17 19 21 23 26 25 30
2 5 4 10 12 14 17 19 21 23 27 28 30
2 5 4 10 12 14 17 19 21 24 26 28 30
2 5 4 10 12 14 17 19 21 24 27 25 30
2 5 4 10 12 14 17 20 18 22 23 24 30
2 5 4 10 12 14 17 20 18 22 25 28 30
2 5 4 10 12 14 17 20 18 22 26 27 30
2 5 4 10 12 14 17 20 18 23 26 25 30
2 5 4 10 12 14 17 20 18 23 27 28 30
2 5 4 10 12 14 17 20 18 24 26 28 30
2 5 4 10 12 14 17 20 18 24 27 25 30
2 5 4 10 13 11 15 16 17 22 23 24 30
2 5 4 10 13 11 15 16 17 22 25 28 30
2 5 4 10 13 11 15 16 17 22 26 27 30
2 5 4 10 13 11 15 16 17 23 26 25 30
2 5 4 10 13 11 15 16 17 23 27 28 30
2 5 4 10 13 11 15 16 17 24 26 28 30
2 5 4 10 13 11 15 16 17 24 27 25 30
2 5 4 10 13 11 15 18 21 22 23 24 30
2 5 4 10 13 11 15 18 21 22 25 28 30
2 5 4 10 13 11 15 18 21 22 26 27 30
2 5 4 10 13 11 15 18 21 23 26 25 30
2 5 4 10 13 11 15 18 21 23 27 28 30
2 5 4 10 13 11 15 18 21 24 26 28 30
2 5 4 10 13 11 15 18 21 24 27 25 30
2 5 4 10 13 11 15 19 20 22 23 24 30
2 5 4 10 13 11 15 19 20 22 25 28 30
2 5 4 10 13 11 15 19 20 22 26 27 30
2 5 4 10 13 11 15 19 20 23 26 25 30
2 5 4 10 13 11 15 19 20 23 27 28 30
2 5 4 10 13 11 15 19 20 24 26 28 30
2 5 4 10 13 11 15 19 20 24 27 25 30
2 5 4 10 13 11 16 19 18 22 23 24 30
2 5 4 10 13 11 16 19 18 22 25 28 30
2 5 4 10 13 11 16 19 18 22 26 27 30
2 5 4 10 13 11 16 19 18 23 26 25 30
2 5 4 10 13 11 16 19 18 23 27 28 30
2 5 4 10 13 11 16 19 18 24 26 28 30
2 5 4 10 13 11 16 19 18 24 27 25 30
2 5 4 10 13 11 16 20 21 22 23 24 30
2 5 4 10 13 11 16 20 21 22 25 28 30
2 5 4 10 13 11 16 20 21 22 26 27 30
2 5 4 10 13 11 16 20 21 23 26 25 30
2 5 4 10 13 11 16 20 21 23 27 28 30
2 5 4 10 13 11 16 20 21 24 26 28 30
2 5 4 10 13 11 16 20 21 24 27 25 30
2 5 4 10 13 11 17 19 21 22 23 24 30
2 5 4 10 13 11 17 19 21 22 25 28 30
2 5 4 10 13 11 17 19 21 22 26 27 30
2 5 4 10 13 11 17 19 21 23 26 25 30
2 5 4 10 13 11 17 19 21 23 27 28 30
2 5 4 10 13 11 17 19 21 24 26 28 30
2 5 4 10 13 11 17 19 21 24 27 25 30
2 5 4 10 13 11 17 20 18 22 23 24 30
2 5 4 10 13 11 17 20 18 22 25 28 30
2 5 4 10 13 11 17 20 18 22 26 27 30
2 5 4 10 13 11 17 20 18 23 26 25 30
2 5 4 10 13 11 17 20 18 23 27 28 30
2 5 4 10 13 11 17 20 18 24 26 28 30
2 5 4 10 13 11 17 20 18 24 27 25 30
2 6 7 8 9 10 15 16 17 22 23 24 30
2 6 7 8 9 10 15 16 17 22 25 28 30
2 6 7 8 9 10 15 16 17 22 26 27 30
2 6 7 8 9 10 15 16 17 23 26 25 30
2 6 7 8 9 10 15 16 17 23 27 28 30
2 6 7 8 9 10 15 16 17 24 26 28 30
2 6 7 8 9 10 15 16 17 24 27 25 30
2 6 7 8 9 10 15 18 21 22 23 24 30
2 6 7 8 9 10 15 18 21 22 25 28 30
2 6 7 8 9 10 15 18 21 22 26 27 30
2 6 7 8 9 10 15 18 21 23 26 25 30
2 6 7 8 9 10 15 18 21 23 27 28 30
2 6 7 8 9 10 15 18 21 24 26 28 30
2 6 7 8 9 10 15 18 21 24 27 25 30
2 6 7 8 9 10 15 19 20 22 23 24 30
2 6 7 8 9 10 15 19 20 22 25 28 30
2 6 7 8 9 10 15 19 20 22 26 27 30
2 6 7 8 9 10 15 19 20 23 26 25 30
2 6 7 8 9 10 15 19 20 23 27 28 30
2 6 7 8 9 10 15 19 20 24 26 28 30
2 6 7 8 9 10 15 19 20 24 27 25 30
2 6 7 8 9 10 16 19 18 22 23 24 30
2 6 7 8 9 10 16 19 18 22 25 28 30
2 6 7 8 9 10 16 19 18 22 26 27 30
2 6 7 8 9 10 16 19 18 23 26 25 30
2 6 7 8 9 10 16 19 18 23 27 28 30
2 6 7 8 9 10 16 19 18 24 26 28 30
2 6 7 8 9 10 16 19 18 24 27 25 30
2 6 7 8 9 10 16 20 21 22 23 24 30
2 6 7 8 9 10 16 20 21 22 25 28 30
2 6 7 8 9 10 16 20 21 22 26 27 30
2 6 7 8 9 10 16 20 21 23 26 25 30
2 6 7 8 9 10 16 20 21 23 27 28 30
2 6 7 8 9 10 16 20 21 24 26 28 30
2 6 7 8 9 10 16 20 21 24 27 25 30
2 6 7 8 9 10 17 19 21 22 23 24 30
2 6 7 8 9 10 17 19 21 22 25 28 30
2 6 7 8 9 10 17 19 21 22 26 27 30
2 6 7 8 9 10 17 19 21 23 26 25 30
2 6 7 8 9 10 17 19 21 23 27 28 30
2 6 7 8 9 10 17 19 21 24 26 28 30
2 6 7 8 9 10 17 19 21 24 27 25 30
2 6 7 8 9 10 17 20 18 22 23 24 30
2 6 7 8 9 10 17 20 18 22 25 28 30
2 6 7 8 9 10 17 20 18 22 26 27 30
2 6 7 8 9 10 17 20 18 23 26 25 30
2 6 7 8 9 10 17 20 18 23 27 28 30
2 6 7 8 9 10 17 20 18 24 26 28 30
2 6 7 8 9 10 17 20 18 24 27 25 30
2 6 7 8 11 14 15 16 17 22 23 24 30
2 6 7 8 11 14 15 16 17 22 25 28 30
2 6 7 8 11 14 15 16 17 22 26 27 30
2 6 7 8 11 14 15 16 17 23 26 25 30
2 6 7 8 11 14 15 16 17 23 27 28 30
2 6 7 8 11 14 15 16 17 24 26 28 30
2 6 7 8 11 14 15 16 17 24 27 25 30
2 6 7 8 11 14 15 18 21 22 23 24 30
2 6 7 8 11 14 15 18 21 22 25 28 30
2 6 7 8 11 14 15 18 21 22 26 27 30
2 6 7 8 11 14 15 18 21 23 26 25 30
2 6 7 8 11 14 15 18 21 23 27 28 30
2 6 7 8 11 14 15 18 21 24 26 28 30
2 6 7 8 11 14 15 18 21 24 27 25 30
2 6 7 8 11 14 15 19 20 22 23 24 30
2 6 7 8 11 14 15 19 20 22 25 28 30
2 6 7 8 11 14 15 19 20 22 26 27 30
2 6 7 8 11 14 15 19 20 23 26 25 30
2 6 7 8 11 14 15 19 20 23 27 28 30
2 6 7 8 11 14 15 19 20 24 26 28 30
2 6 7 8 11 14 15 19 20 24 27 25 30
2 6 7 8 11 14 16 19 18 22 23 24 30
2 6 7 8 11 14 16 19 18 22 25 28 30
2 6 7 8 11 14 16 19 18 22 26 27 30
2 6 7 8 11 14 16 19 18 23 26 25 30
2 6 7 8 11 14 16 19 18 23 27 28 30
2 6 7 8 11 14 16 19 18 24 26 28 30
2 6 7 8 11 14 16 19 18 24 27 25 30
2 6 7 8 11 14 16 20 21 22 23 24 30
2 6 7 8 11 14 16 20 21 22 25 28 30
2 6 7 8 11 14 16 20 21 22 26 27 30
2 6 7 8 11 14 16 20 21 23 26 25 30
2 6 7 8 11 14 16 20 21 23 27 28 30
2 6 7 8 11 14 16 20 21 24 26 28 30
2 6 7 8 11 14 16 20 21 24 27 25 30
2 6 7 8 11 14 17 19 21 22 23 24 30
2 6 7 8 11 14 17 19 21 22 25 28 30
2 6 7 8 11 14 17 19 21 22 26 27 30
2 6 7 8 11 14 17 19 21 23 26 25 30
2 6 7 8 11 14 17 19 21 23 27 28 30
2 6 7 8 11 14 17 19 21 24 26 28 30
2 6 7 8 11 14 17 19 21 24 27 25 30
2 6 7 8 11 14 17 20 18 22 23 24 30
2 6 7 8 11 14 17 20 18 22 25 28 30
2 6 7 8 11 14 17 20 18 22 26 27 30
2 6 7 8 11 14 17 20 18 23 26 25 30
2 6 7 8 11 14 17 20 18 23 27 28 30
2 6 7 8 11 14 17 20 18 24 26 28 30
2 6 7 8 11 14 17 20 18 24 27 25 30
2 6 7 8 12 13 15 16 17 22 23 24 30
2 6 7 8 12 13 15 16 17 22 25 28 30
2 6 7 8 12 13 15 16 17 22 26 27 30
2 6 7 8 12 13 15 16 17 23 26 25 30
2 6 7 8 12 13 15 16 17 23 27 28 30
2 6 7 8 12 13 15 16 17 24 26 28 30
2 6 7 8 12 13 15 16 17 24 27 25 30
2 6 7 8 12 13 15 18 21 22 23 24 30
2 6 7 8 12 13 15 18 21 22 25 28 30
2 6 7 8 12 13 15 18 21 22 26 27 30
2 6 7 8 12 13 15 18 21 23 26 25 30
2 6 7 8 12 13 15 18 21 23 27 28 30
2 6 7 8 12 13 15 18 21 24 26 28 30
2 6 7 8 12 13 15 18 21 24 27 25 30
2 6 7 8 12 13 15 19 20 22 23 24 30
2 6 7 8 12 13 15 19 20 22 25 28 30
2 6 7 8 12 13 15 19 20 22 26 27 30
2 6 7 8 12 13 15 19 20 23 26 25 30
2 6 7 8 12 13 15 19 20 23 27 28 30
2 6 7 8 12 13 15 19 20 24 26 28 30
2 6 7 8 12 13 15 19 20 24 27 25 30
2 6 7 8 12 13 16 19 18 22 23 24 30
2 6 7 8 12 13 16 19 18 22 25 28 30
2 6 7 8 12 13 16 19 18 22 26 27 30
2 6 7 8 12 13 16 19 18 23 26 25 30
2 6 7 8 12 13 16 19 18 23 27 28 30
2 6 7 8 12 13 16 19 18 24 26 28 30
2 6 7 8 12 13 16 19 18 24 27 25 30
2 6 7 8 12 13 16 20 21 22 23 24 30
2 6 7 8 12 13 16 20 21 22 25 28 30
2 6 7 8 12 13 16 20 21 22 26 27 30
2 6 7 8 12 13 16 20 21 23 26 25 30
2 6 7 8 12 13 16 20 21 23 27 28 30
2 6 7 8 12 13 16 20 21 24 26 28 30
2 6 7 8 12 13 16 20 21 24 27 25 30
2 6 7 8 12 13 17 19 21 22 23 24 30
2 6 7 8 12 13 17 19 21 22 25 28 30
2 6 7 8 12 13 17 19 21 22 26 27 30
2 6 7 8 12 13 17 19 21 23 26 25 30
2 6 7 8 12 13 17 19 21 23 27 28 30
2 6 7 8 12 13 17 19 21 24 26 28 30
2 6 7 8 12 13 17 19 21 24 27 25 30
2 6 7 8 12 13 17 20 18 22 23 24 30
2 6 7 8 12 13 17 20 18 22 25 28 30
2 6 7 8 12 13 17 20 18 22 26 27 30
2 6 7 8 12 13 17 20 18 23 26 25 30
2 6 7 8 12 13 17 20 18 23 27 28 30
2 6 7 8 12 13 17 20 18 24 26 28 30
2 6 7 8 12 13 17 20 18 24 27 25 30
2 6 7 9 12 11 15 16 17 22 23 24 30
2 6 7 9 12 11 15 16 17 22 25 28 30
2 6 7 9 12 11 15 16 17 22 26 27 30
2 6 7 9 12 11 15 16 17 23 26 25 30
2 6 7 9 12 11 15 16 17 23 27 28 30
2 6 7 9 12 11 15 16 17 24 26 28 30
2 6 7 9 12 11 15 16 17 24 27 25 30
2 6 7 9 12 11 15 18 21 22 23 24 30
2 6 7 9 12 11 15 18 21 22 25 28 30
2 6 7 9 12 11 15 18 21 22 26 27 30
2 6 7 9 12 11 15 18 21 23 26 25 30
2 6 7 9 12 11 15 18 21 23 27 28 30
2 6 7 9 12 11 15 18 21 24 26 28 30
2 6 7 9 12 11 15 18 21 24 27 25 30
2 6 7 9 12 11 15 19 20 22 23 24 30
2 6 7 9 12 11 15 19 20 22 25 28 30
2 6 7 9 12 11 15 19 20 22 26 27 30
2 6 7 9 12 11 15 19 20 23 26 25 30
2 6 7 9 12 11 15 19 20 23 27 28 30
2 6 7 9 12 11 15 19 20 24 26 28 30
2 6 7 9 12 11 15 19 20 24 27 25 30
2 6 7 9 12 11 16 19 18 22 23 24 30
2 6 7 9 12 11 16 19 18 22 25 28 30
2 6 7 9 12 11 16 19 18 22 26 27 30
2 6 7 9 12 11 16 19 18 23 26 25 30
2 6 7 9 12 11 16 19 18 23 27 28 30
2 6 7 9 12 11 16 19 18 24 26 28 30
2 6 7 9 12 11 16 19 18 24 27 25 30
2 6 7 9 12 11 16 20 21 22 23 24 30
2 6 7 9 12 11 16 20 21 22 25 28 30
2 6 7 9 12 11 16 20 21 22 26 27 30
2 6 7 9 12 11 16 20 21 23 26 25 30
2 6 7 9 12 11 16 20 21 23 27 28 30
2 6 7 9 12 11 16 20 21 24 26 28 30
2 6 7 9 12 11 16 20 21 24 27 25 30
2 6 7 9 12 11 17 19 21 22 23 24 30
2 6 7 9 12 11 17 19 21 22 25 28 30
2 6 7 9 12 11 17 19 21 22 26 27 30
2 6 7 9 12 11 17 19 21 23 26 25 30
2 6 7 9 12 11 17 19 21 23 27 28 30
2 6 7 9 12 11 17 19 21 24 26 28 30
2 6 7 9 12 11 17 19 21 24 27 25 30
2 6 7 9 12 11 17 20 18 22 23 24 30
2 6 7 9 12 11 17 20 18 22 25 28 30
2 6 7 9 12 11 17 20 18 22 26 27 30
2 6 7 9 12 11 17 20 18 23 26 25 30
2 6 7 9 12 11 17 20 18 23 27 28 30
2 6 7 9 12 11 17 20 18 24 26 28 30
2 6 7 9 12 11 17 20 18 24 27 25 30
2 6 7 9 13 14 15 16 17 22 23 24 30
2 6 7 9 13 14 15 16 17 22 25 28 30
2 6 7 9 13 14 15 16 17 22 26 27 30
2 6 7 9 13 14 15 16 17 23 26 25 30
2 6 7 9 13 14 15 16 17 23 27 28 30
2 6 7 9 13 14 15 16 17 24 26 28 30
2 6 7 9 13 14 15 16 17 24 27 25 30
2 6 7 9 13 14 15 18 21 22 23 24 30
2 6 7 9 13 14 15 18 21 22 25 28 30
2 6 7 9 13 14 15 18 21 22 26 27 30
2 6 7 9 13 14 15 18 21 23 26 25 30
2 6 7 9 13 14 15 18 21 23 27 28 30
2 6 7 9 13 14 15 18 21 24 26 28 30
2 6 7 9 13 14 15 18 21 24 27 25 30
2 6 7 9 13 14 15 19 20 22 23 24 30
2 6 7 9 13 14 15 19 20 22 25 28 30
2 6 7 9 13 14 15 19 20 22 26 27 30
2 6 7 9 13 14 15 19 20 23 26 25 30
2 6 7 9 13 14 15 19 20 23 27 28 30
2 6 7 9 13 14 15 19 20 24 26 28 30
2 6 7 9 13 14 15 19 20 24 27 25 30
2 6 7 9 13 14 16 19 18 22 23 24 30
2 6 7 9 13 14 16 19 18 22 25 28 30
2 6 7 9 13 14 16 19 18 22 26 27 30
2 6 7 9 13 14 16 19 18 23 26 25 30
2 6 7 9 13 14 16 19 18 23 27 28 30
2 6 7 9 13 14 16 19 18 24 26 28 30
2 6 7 9 13 14 16 19 18 24 27 25 30
2 6 7 9 13 14 16 20 21 22 23 24 30
2 6 7 9 13 14 16 20 21 22 25 28 30
2 6 7 9 13 14 16 20 21 22 26 27 30
2 6 7 9 13 14 16 20 21 23 26 25 30
2 6 7 9 13 14 16 20 21 23 27 28 30
2 6 7 9 13 14 16 20 21 24 26 28 30
2 6 7 9 13 14 16 20 21 24 27 25 30
2 6 7 9 13 14 17 19 21 22 23 24 30
2 6 7 9 13 14 17 19 21 22 25 28 30
2 6 7 9 13 14 17 19 21 22 26 27 30
2 6 7 9 13 14 17 19 21 23 26 25 30
2 6 7 9 13 14 17 19 21 23 27 28 30
2 6 7 9 13 14 17 19 21 24 26 28 30
2 6 7 9 13 14 17 19 21 24 27 25 30
2 6 7 9 13 14 17 20 18 22 23 24 30
2 6 7 9 13 14 17 20 18 22 25 28 30
2 6 7 9 13 14 17 20 18 22 26 27 30
2 6 7 9 13 14 17 20 18 23 26 25 30
2 6 7 9 13 14 17 20 18 23 27 28 30
2 6 7 9 13 14 17 20 18 24 26 28 30
2 6 7 9 13 14 17 20 18 24 27 25 30
2 6 7 10 12 14 15 16 17 22 23 24 30
2 6 7 10 12 14 15 16 17 22 25 28 30
2 6 7 10 12 14 15 16 17 22 26 27 30
2 6 7 10 12 14 15 16 17 23 26 25 30
2 6 7 10 12 14 15 16 17 23 27 28 30
2 6 7 10 12 14 15 16 17 24 26 28 30
2 6 7 10 12 14 15 16 17 24 27 25 30
2 6 7 10 12 14 15 18 21 22 23 24 30
2 6 7 10 12 14 15 18 21 22 25 28 30
2 6 7 10 12 14 15 18 21 22 26 27 30
2 6 7 10 12 14 15 18 21 23 26 25 30
2 6 7 10 12 14 15 18 21 23 27 28 30
2 6 7 10 12 14 15 18 21 24 26 28 30
2 6 7 10 12 14 15 18 21 24 27 25 30
2 6 7 10 12 14 15 19 20 22 23 24 30
2 6 7 10 12 14 15 19 20 22 25 28 30
2 6 7 10 12 14 15 19 20 22 26 27 30
2 6 7 10 12 14 15 19 20 23 26 25 30
2 6 7 10 12 14 15 19 20 23 27 28 30
2 6 7 10 12 14 15 19 20 24 26 28 30
2 6 7 10 12 14 15 19 20 24 27 25 30
2 6 7 10 12 14 16 19 18 22 23 24 30
2 6 7 10 12 14 16 19 18 22 25 28 30
2 6 7 10 12 14 16 19 18 22 26 27 30
2 6 7 10 12 14 16 19 18 23 26 25 30
2 6 7 10 12 14 16 19 18 23 27 28 30
2 6 7 10 12 14 16 19 18 24 26 28 30
2 6 7 10 12 14 16 19 18 24 27 25 30
2 6 7 10 12 14 16 20 21 22 23 24 30
2 6 7 10 12 14 16 20 21 22 25 28 30
2 6 7 10 12 14 16 20 21 22 26 27 30
2 6 7 10 12 14 16 20 21 23 26 25 30
2 6 7 10 12 14 16 20 21 23 27 28 30
2 6 7 10 12 14 16 20 21 24 26 28 30
2 6 7 10 12 14 16 20 21 24 27 25 30
2 6 7 10 12 14 17 19 21 22 23 24 30
2 6 7 10 12 14 17 19 21 22 25 28 30
2 6 7 10 12 14 17 19 21 22 26 27 30
2 6 7 10 12 14 17 19 21 23 26 25 30
2 6 7 10 12 14 17 19 21 23 27 28 30
2 6 7 10 12 14 17 19 21 24 26 28 30
2 6 7 10 12 14 17 19 21 24 27 25 30
2 6 7 10 12 14 17 20 18 22 23 24 30
2 6 7 10 12 14 17 20 18 22 25 28 30
2 6 7 10 12 14 17 20 18 22 26 27 30
2 6 7 10 12 14 17 20 18 23 26 25 30
2 6 7 10 12 14 17 20 18 23 27 28 30
2 6 7 10 12 14 17 20 18 24 26 28 30
2 6 7 10 12 14 17 20 18 24 27 25 30
2 6 7 10 13 11 15 16 17 22 23 24 30
2 6 7 10 13 11 15 16 17 22 25 28 30
2 6 7 10 13 11 15 16 17 22 26 27 30
2 6 7 10 13 11 15 16 17 23 26 25 30
2 6 7 10 13 11 15 16 17 23 27 28 30
2 6 7 10 13 11 15 16 17 24 26 28 30
2 6 7 10 13 11 15 16 17 24 27 25 30
2 6 7 10 13 11 15 18 21 22 23 24 30
2 6 7 10 13 11 15 18 21 22 25 28 30
2 6 7 10 13 11 15 18 21 22 26 27 30
2 6 7 10 13 11 15 18 21 23 26 25 30
2 6 7 10 13 11 15 18 21 23 27 28 30
2 6 7 10 13 11 15 18 21 24 26 28 30
2 6 7 10 13 11 15 18 21 24 27 25 30
2 6 7 10 13 11 15 19 20 22 23 24 30
2 6 7 10 13 11 15 19 20 22 25 28 30
2 6 7 10 13 11 15 19 20 22 26 27 30
2 6 7 10 13 11 15 19 20 23 26 25 30
2 6 7 10 13 11 15 19 20 23 27 28 30
2 6 7 10 13 11 15 19 20 24 26 28 30
2 6 7 10 13 11 15 19 20 24 27 25 30
2 6 7 10 13 11 16 19 18 22 23 24 30
2 6 7 10 13 11 16 19 18 22 25 28 30
2 6 7 10 13 11 16 19 18 22 26 27 30
2 6 7 10 13 11 16 19 18 23 26 25 30
2 6 7 10 13 11 16 19 18 23 27 28 30
2 6 7 10 13 11 16 19 18 24 26 28 30
2 6 7 10 13 11 16 19 18 24 27 25 30
2 6 7 10 13 11 16 20 21 22 23 24 30
2 6 7 10 13 11 16 20 21 22 25 28 30
2 6 7 10 13 11 16 20 21 22 26 27 30
2 6 7 10 13 11 16 20 21 23 26 25 30
2 6 7 10 13 11 16 20 21 23 27 28 30
2 6 7 10 13 11 16 20 21 24 26 28 30
2 6 7 10 13 11 16 20 21 24 27 25 30
2 6 7 10 13 11 17 19 21 22 23 24 30
2 6 7 10 13 11 17 19 21 22 25 28 30
2 6 7 10 13 11 17 19 21 22 26 27 30
2 6 7 10 13 11 17 19 21 23 26 25 30
2 6 7 10 13 11 17 19 21 23 27 28 30
2 6 7 10 13 11 17 19 21 24 26 28 30
2 6 7 10 13 11 17 19 21 24 27 25 30
2 6 7 10 13 11 17 20 18 22 23 24 30
2 6 7 10 13 11 17 20 18 22 25 28 30
2 6 7 10 13 11 17 20 18 22 26 27 30
2 6 7 10 13 11 17 20 18 23 26 25 30
2 6 7 10 13 11 17 20 18 23 27 28 30
2 6 7 10 13 11 17 20 18 24 26 28 30
2 6 7 10 13 11 17 20 18 24 27 25 30
3 5 7 8 9 10 15 16 17 22 23 24 30
3 5 7 8 9 10 15 16 17 22 25 28 30
3 5 7 8 9 10 15 16 17 22 26 27 30
3 5 7 8 9 10 15 16 17 23 26 25 30
3 5 7 8 9 10 15 16 17 23 27 28 30
3 5 7 8 9 10 15 16 17 24 26 28 30
3 5 7 8 9 10 15 16 17 24 27 25 30
3 5 7 8 9 10 15 18 21 22 23 24 30
3 5 7 8 9 10 15 18 21 22 25 28 30
3 5 7 8 9 10 15 18 21 22 26 27 30
3 5 7 8 9 10 15 18 21 23 26 25 30
3 5 7 8 9 10 15 18 21 23 27 28 30
3 5 7 8 9 10 15 18 21 24 26 28 30
3 5 7 8 9 10 15 18 21 24 27 25 30
3 5 7 8 9 10 15 19 20 22 23 24 30
3 5 7 8 9 10 15 19 20 22 25 28 30
3 5 7 8 9 10 15 19 20 22 26 27 30
3 5 7 8 9 10 15 19 20 23 26 25 30
3 5 7 8 9 10 15 19 20 23 27 28 30
3 5 7 8 9 10 15 19 20 24 26 28 30
3 5 7 8 9 10 15 19 20 24 27 25 30
3 5 7 8 9 10 16 19 18 22 23 24 30
3 5 7 8 9 10 16 19 18 22 25 28 30
3 5 7 8 9 10 16 19 18 22 26 27 30
3 5 7 8 9 10 16 19 18 23 26 25 30
3 5 7 8 9 10 16 19 18 23 27 28 30
3 5 7 8 9 10 16 19 18 24 26 28 30
3 5 7 8 9 10 16 19 18 24 27 25 30
3 5 7 8 9 10 16 20 21 22 23 24 30
3 5 7 8 9 10 16 20 21 22 25 28 30
3 5 7 8 9 10 16 20 21 22 26 27 30
3 5 7 8 9 10 16 20 21 23 26 25 30
3 5 7 8 9 10 16 20 21 23 27 28 30
3 5 7 8 9 10 16 20 21 24 26 28 30
3 5 7 8 9 10 16 20 21 24 27 25 30
3 5 7 8 9 10 17 19 21 22 23 24 30
3 5 7 8 9 10 17 19 21 22 25 28 30
3 5 7 8 9 10 17 19 21 22 26 27 30
3 5 7 8 9 10 17 19 21 23 26 25 30
3 5 7 8 9 10 17 19 21 23 27 28 30
3 5 7 8 9 10 17 19 21 24 26 28 30
3 5 7 8 9 10 17 19 21 24 27 25 30
3 5 7 8 9 10 17 20 18 22 23 24 30
3 5 7 8 9 10 17 20 18 22 25 28 30
3 5 7 8 9 10 17 20 18 22 26 27 30
3 5 7 8 9 10 17 20 18 23 26 25 30
3 5 7 8 9 10 17 20 18 23 27 28 30
3 5 7 8 9 10 17 20 18 24 26 28 30
3 5 7 8 9 10 17 20 18 24 27 25 30
3 5 7 8 11 14 15 16 17 22 23 24 30
3 5 7 8 11 14 15 16 17 22 25 28 30
3 5 7 8 11 14 15 16 17 22 26 27 30
3 5 7 8 11 14 15 16 17 23 26 25 30
3 5 7 8 11 14 15 16 17 23 27 28 30
3 5 7 8 11 14 15 16 17 24 26 28 30
3 5 7 8 11 14 15 16 17 24 27 25 30
3 5 7 8 11 14 15 18 21 22 23 24 30
3 5 7 8 11 14 15 18 21 22 25 28 30
3 5 7 8 11 14 15 18 21 22 26 27 30
3 5 7 8 11 14 15 18 21 23 26 25 30
3 5 7 8 11 14 15 18 21 23 27 28 30
3 5 7 8 11 14 15 18 21 24 26 28 30
3 5 7 8 11 14 15 18 21 24 27 25 30
3 5 7 8 11 14 15 19 20 22 23 24 30
3 5 7 8 11 14 15 19 20 22 25 28 30
3 5 7 8 11 14 15 19 20 22 26 27 30
3 5 7 8 11 14 15 19 20 23 26 25 30
3 5 7 8 11 14 15 19 20 23 27 28 30
3 5 7 8 11 14 15 19 20 24 26 28 30
3 5 7 8 11 14 15 19 20 24 27 25 30
3 5 7 8 11 14 16 19 18 22 23 24 30
3 5 7 8 11 14 16 19 18 22 25 28 30
3 5 7 8 11 14 16 19 18 22 26 27 30
3 5 7 8 11 14 16 19 18 23 26 25 30
3 5 7 8 11 14 16 19 18 23 27 28 30
3 5 7 8 11 14 16 19 18 24 26 28 30
3 5 7 8 11 14 16 19 18 24 27 25 30
3 5 7 8 11 14 16 20 21 22 23 24 30
3 5 7 8 11 14 16 20 21 22 25 28 30
3 5 7 8 11 14 16 20 21 22 26 27 30
3 5 7 8 11 14 16 20 21 23 26 25 30
3 5 7 8 11 14 16 20 21 23 27 28 30
3 5 7 8 11 14 16 20 21 24 26 28 30
3 5 7 8 11 14 16 20 21 24 27 25 30
3 5 7 8 11 14 17 19 21 22 23 24 30
3 5 7 8 11 14 17 19 21 22 25 28 30
3 5 7 8 11 14 17 19 21 22 26 27 30
3 5 7 8 11 14 17 19 21 23 26 25 30
3 5 7 8 11 14 17 19 21 23 27 28 30
3 5 7 8 11 14 17 19 21 24 26 28 30
3 5 7 8 11 14 17 19 21 24 27 25 30
3 5 7 8 11 14 17 20 18 22 23 24 30
3 5 7 8 11 14 17 20 18 22 25 28 30
3 5 7 8 11 14 17 20 18 22 26 27 30
3 5 7 8 11 14 17 20 18 23 26 25 30
3 5 7 8 11 14 17 20 18 23 27 28 30
3 5 7 8 11 14 17 20 18 24 26 28 30
3 5 7 8 11 14 17 20 18 24 27 25 30
3 5 7 8 12 13 15 16 17 22 23 24 30
3 5 7 8 12 13 15 16 17 22 25 28 30
3 5 7 8 12 13 15 16 17 22 26 27 30
3 5 7 8 12 13 15 16 17 23 26 25 30
3 5 7 8 12 13 15 16 17 23 27 28 30
3 5 7 8 12 13 15 16 17 24 26 28 30
3 5 7 8 12 13 15 16 17 24 27 25 30
3 5 7 8 12 13 15 18 21 22 23 24 30
3 5 7 8 12 13 15 18 21 22 25 28 30
3 5 7 8 12 13 15 18 21 22 26 27 30
3 5 7 8 12 13 15 18 21 23 26 25 30
3 5 7 8 12 13 15 18 21 23 27 28 30
3 5 7 8 12 13 15 18 21 24 26 28 30
3 5 7 8 12 13 15 18 21 24 27 25 30
3 5 7 8 12 13 15 19 20 22 23 24 30
3 5 7 8 12 13 15 19 20 22 25 28 30
3 5 7 8 12 13 15 19 20 22 26 27 30
3 5 7 8 12 13 15 19 20 23 26 25 30
3 5 7 8 12 13 15 19 20 23 27 28 30
3 5 7 8 12 13 15 19 20 24 26 28 30
3 5 7 8 12 13 15 19 20 24 27 25 30
3 5 7 8 12 13 16 19 18 22 23 24 30
3 5 7 8 12 13 16 19 18 22 25 28 30
3 5 7 8 12 13 16 19 18 22 26 27 30
3 5 7 8 12 13 16 19 18 23 26 25 30
3 5 7 8 12 13 16 19 18 23 27 28 30
3 5 7 8 12 13 16 19 18 24 26 28 30
3 5 7 8 12 13 16 19 18 24 27 25 30
3 5 7 8 12 13 16 20 21 22 23 24 30
3 5 7 8 12 13 16 20 21 22 25 28 30
3 5 7 8 12 13 16 20 21 22 26 27 30
3 5 7 8 12 13 16 20 21 23 26 25 30
3 5 7 8 12 13 16 20 21 23 27 28 30
3 5 7 8 12 13 16 20 21 24 26 28 30
3 5 7 8 12 13 16 20 21 24 27 25 30
3 5 7 8 12 13 17 19 21 22 23 24 30
3 5 7 8 12 13 17 19 21 22 25 28 30
3 5 7 8 12 13 17 19 21 22 26 27 30
3 5 7 8 12 13 17 19 21 23 26 25 30
3 5 7 8 12 13 17 19 21 23 27 28 30
3 5 7 8 12 13 17 19 21 24 26 28 30
3 5 7 8 12 13 17 19 21 24 27 25 30
3 5 7 8 12 13 17 20 18 22 23 24 30
3 5 7 8 12 13 17 20 18 22 25 28 30
3 5 7 8 12 13 17 20 18 22 26 27 30
3 5 7 8 12 13 17 20 18 23 26 25 30
3 5 7 8 12 13 17 20 18 23 27 28 30
3 5 7 8 12 13 17 20 18 24 26 28 30
3 5 7 8 12 13 17 20 18 24 27 25 30
3 5 7 9 12 11 15 16 17 22 23 24 30
3 5 7 9 12 11 15 16 17 22 25 28 30
3 5 7 9 12 11 15 16 17 22 26 27 30
3 5 7 9 12 11 15 16 17 23 26 25 30
3 5 7 9 12 11 15 16 17 23 27 28 30
3 5 7 9 12 11 15 16 17 24 26 28 30
3 5 7 9 12 11 15 16 17 24 27 25 30
3 5 7 9 12 11 15 18 21 22 23 24 30
3 5 7 9 12 11 15 18 21 22 25 28 30
3 5 7 9 12 11 15 18 21 22 26 27 30
3 5 7 9 12 11 15 18 21 23 26 25 30
3 5 7 9 12 11 15 18 21 23 27 28 30
3 5 7 9 12 11 15 18 21 24 26 28 30
3 5 7 9 12 11 15 18 21 24 27 25 30
3 5 7 9 12 11 15 19 20 22 23 24 30
3 5 7 9 12 11 15 19 20 22 25 28 30
3 5 7 9 12 11 15 19 20 22 26 27 30
3 5 7 9 12 11 15 19 20 23 26 25 30
3 5 7 9 12 11 15 19 20 23 27 28 30
3 5 7 9 12 11 15 19 20 24 26 28 30
3 5 7 9 12 11 15 19 20 24 27 25 30
3 5 7 9 12 11 16 19 18 22 23 24 30
3 5 7 9 12 11 16 19 18 22 25 28 30
3 5 7 9 12 11 16 19 18 22 26 27 30
3 5 7 9 12 11 16 19 18 23 26 25 30
3 5 7 9 12 11 16 19 18 23 27 28 30
3 5 7 9 12 11 16 19 18 24 26 28 30
3 5 7 9 12 11 16 19 18 24 27 25 30
3 5 7 9 12 11 16 20 21 22 23 24 30
3 5 7 9 12 11 16 20 21 22 25 28 30
3 5 7 9 12 11 16 20 21 22 26 27 30
3 5 7 9 12 11 16 20 21 23 26 25 30
3 5 7 9 12 11 16 20 21 23 27 28 30
3 5 7 9 12 11 16 20 21 24 26 28 30
3 5 7 9 12 11 16 20 21 24 27 25 30
3 5 7 9 12 11 17 19 21 22 23 24 30
3 5 7 9 12 11 17 19 21 22 25 28 30
3 5 7 9 12 11 17 19 21 22 26 27 30
3 5 7 9 12 11 17 19 21 23 26 25 30
3 5 7 9 12 11 17 19 21 23 27 28 30
3 5 7 9 12 11 17 19 21 24 26 28 30
3 5 7 9 12 11 17 19 21 24 27 25 30
3 5 7 9 12 11 17 20 18 22 23 24 30
3 5 7 9 12 11 17 20 18 22 25 28 30
3 5 7 9 12 11 17 20 18 22 26 27 30
3 5 7 9 12 11 17 20 18 23 26 25 30
3 5 7 9 12 11 17 20 18 23 27 28 30
3 5 7 9 12 11 17 20 18 24 26 28 30
3 5 7 9 12 11 17 20 18 24 27 25 30
3 5 7 9 13 14 15 16 17 22 23 24 30
3 5 7 9 13 14 15 16 17 22 25 28 30
3 5 7 9 13 14 15 16 17 22 26 27 30
3 5 7 9 13 14 15 16 17 23 26 25 30
3 5 7 9 13 14 15 16 17 23 27 28 30
3 5 7 9 13 14 15 16 17 24 26 28 30
3 5 7 9 13 14 15 16 17 24 27 25 30
3 5 7 9 13 14 15 18 21 22 23 24 30
3 5 7 9 13 14 15 18 21 22 25 28 30
3 5 7 9 13 14 15 18 21 22 26 27 30
3 5 7 9 13 14 15 18 21 23 26 25 30
3 5 7 9 13 14 15 18 21 23 27 28 30
3 5 7 9 13 14 15 18 21 24 26 28 30
3 5 7 9 13 14 15 18 21 24 27 25 30
3 5 7 9 13 14 15 19 20 22 23 24 30
3 5 7 9 13 14 15 19 20 22 25 28 30
3 5 7 9 13 14 15 19 20 22 26 27 30
3 5 7 9 13 14 15 19 20 23 26 25 30
3 5 7 9 13 14 15 19 20 23 27 28 30
3 5 7 9 13 14 15 19 20 24 26 28 30
3 5 7 9 13 14 15 19 20 24 27 25 30
3 5 7 9 13 14 16 19 18 22 23 24 30
3 5 7 9 13 14 16 19 18 22 25 28 30
3 5 7 9 13 14 16 19 18 22 26 27 30
3 5 7 9 13 14 16 19 18 23 26 25 30
3 5 7 9 13 14 16 19 18 23 27 28 30
3 5 7 9 13 14 16 19 18 24 26 28 30
3 5 7 9 13 14 16 19 18 24 27 25 30
3 5 7 9 13 14 16 20 21 22 23 24 30
3 5 7 9 13 14 16 20 21 22 25 28 30
3 5 7 9 13 14 16 20 21 22 26 27 30
3 5 7 9 13 14 16 20 21 23 26 25 30
3 5 7 9 13 14 16 20 21 23 27 28 30
3 5 7 9 13 14 16 20 21 24 26 28 30
3 5 7 9 13 14 16 20 21 24 27 25 30
3 5 7 9 13 14 17 19 21 22 23 24 30
3 5 7 9 13 14 17 19 21 22 25 28 30
3 5 7 9 13 14 17 19 21 22 26 27 30
3 5 7 9 13 14 17 19 21 23 26 25 30
3 5 7 9 13 14 17 19 21 23 27 28 30
3 5 7 9 13 14 17 19 21 24 26 28 30
3 5 7 9 13 14 17 19 21 24 27 25 30
3 5 7 9 13 14 17 20 18 22 23 24 30
3 5 7 9 13 14 17 20 18 22 25 28 30
3 5 7 9 13 14 17 20 18 22 26 27 30
3 5 7 9 13 14 17 20 18 23 26 25 30
3 5 7 9 13 14 17 20 18 23 27 28 30
3 5 7 9 13 14 17 20 18 24 26 28 30
3 5 7 9 13 14 17 20 18 24 27 25 30
3 5 7 10 12 14 15 16 17 22 23 24 30
3 5 7 10 12 14 15 16 17 22 25 28 30
3 5 7 10 12 14 15 16 17 22 26 27 30
3 5 7 10 12 14 15 16 17 23 26 25 30
3 5 7 10 12 14 15 16 17 23 27 28 30
3 5 7 10 12 14 15 16 17 24 26 28 30
3 5 7 10 12 14 15 16 17 24 27 25 30
3 5 7 10 12 14 15 18 21 22 23 24 30
3 5 7 10 12 14 15 18 21 22 25 28 30
3 5 7 10 12 14 15 18 21 22 26 27 30
3 5 7 10 12 14 15 18 21 23 26 25 30
3 5 7 10 12 14 15 18 21 23 27 28 30
3 5 7 10 12 14 15 18 21 24 26 28 30
3 5 7 10 12 14 15 18 21 24 27 25 30
3 5 7 10 12 14 15 19 20 22 23 24 30
3 5 7 10 12 14 15 19 20 22 25 28 30
3 5 7 10 12 14 15 19 20 22 26 27 30
3 5 7 10 12 14 15 19 20 23 26 25 30
3 5 7 10 12 14 15 19 20 23 27 28 30
3 5 7 10 12 14 15 19 20 24 26 28 30
3 5 7 10 12 14 15 19 20 24 27 25 30
3 5 7 10 12 14 16 19 18 22 23 24 30
3 5 7 10 12 14 16 19 18 22 25 28 30
3 5 7 10 12 14 16 19 18 22 26 27 30
3 5 7 10 12 14 16 19 18 23 26 25 30
3 5 7 10 12 14 16 19 18 23 27 28 30
3 5 7 10 12 14 16 19 18 24 26 28 30
3 5 7 10 12 14 16 19 18 24 27 25 30
3 5 7 10 12 14 16 20 21 22 23 24 30
3 5 7 10 12 14 16 20 21 22 25 28 30
3 5 7 10 12 14 16 20 21 22 26 27 30
3 5 7 10 12 14 16 20 21 23 26 25 30
3 5 7 10 12 14 16 20 21 23 27 28 30
3 5 7 10 12 14 16 20 21 24 26 28 30
3 5 7 10 12 14 16 20 21 24 27 25 30
3 5 7 10 12 14 17 19 21 22 23 24 30
3 5 7 10 12 14 17 19 21 22 25 28 30
3 5 7 10 12 14 17 19 21 22 26 27 30
3 5 7 10 12 14 17 19 21 23 26 25 30
3 5 7 10 12 14 17 19 21 23 27 28 30
3 5 7 10 12 14 17 19 21 24 26 28 30
3 5 7 10 12 14 17 19 21 24 27 25 30
3 5 7 10 12 14 17 20 18 22 23 24 30
3 5 7 10 12 14 17 20 18 22 25 28 30
3 5 7 10 12 14 17 20 18 22 26 27 30
3 5 7 10 12 14 17 20 18 23 26 25 30
3 5 7 10 12 14 17 20 18 23 27 28 30
3 5 7 10 12 14 17 20 18 24 26 28 30
3 5 7 10 12 14 17 20 18 24 27 25 30
3 5 7 10 13 11 15 16 17 22 23 24 30
3 5 7 10 13 11 15 16 17 22 25 28 30
3 5 7 10 13 11 15 16 17 22 26 27 30
3 5 7 10 13 11 15 16 17 23 26 25 30
3 5 7 10 13 11 15 16 17 23 27 28 30
3 5 7 10 13 11 15 16 17 24 26 28 30
3 5 7 10 13 11 15 16 17 24 27 25 30
3 5 7 10 13 11 15 18 21 22 23 24 30
3 5 7 10 13 11 15 18 21 22 25 28 30
3 5 7 10 13 11 15 18 21 22 26 27 30
3 5 7 10 13 11 15 18 21 23 26 25 30
3 5 7 10 13 11 15 18 21 23 27 28 30
3 5 7 10 13 11 15 18 21 24 26 28 30
3 5 7 10 13 11 15 18 21 24 27 25 30
3 5 7 10 13 11 15 19 20 22 23 24 30
3 5 7 10 13 11 15 19 20 22 25 28 30
3 5 7 10 13 11 15 19 20 22 26 27 30
3 5 7 10 13 11 15 19 20 23 26 25 30
3 5 7 10 13 11 15 19 20 23 27 28 30
3 5 7 10 13 11 15 19 20 24 26 28 30
3 5 7 10 13 11 15 19 20 24 27 25 30
3 5 7 10 13 11 16 19 18 22 23 24 30
3 5 7 10 13 11 16 19 18 22 25 28 30
3 5 7 10 13 11 16 19 18 22 26 27 30
3 5 7 10 13 11 16 19 18 23 26 25 30
3 5 7 10 13 11 16 19 18 23 27 28 30
3 5 7 10 13 11 16 19 18 24 26 28 30
3 5 7 10 13 11 16 19 18 24 27 25 30
3 5 7 10 13 11 16 20 21 22 23 24 30
3 5 7 10 13 11 16 20 21 22 25 28 30
3 5 7 10 13 11 16 20 21 22 26 27 30
3 5 7 10 13 11 16 20 21 23 26 25 30
3 5 7 10 13 11 16 20 21 23 27 28 30
3 5 7 10 13 11 16 20 21 24 26 28 30
3 5 7 10 13 11 16 20 21 24 27 25 30
3 5 7 10 13 11 17 19 21 22 23 24 30
3 5 7 10 13 11 17 19 21 22 25 28 30
3 5 7 10 13 11 17 19 21 22 26 27 30
3 5 7 10 13 11 17 19 21 23 26 25 30
3 5 7 10 13 11 17 19 21 23 27 28 30
3 5 7 10 13 11 17 19 21 24 26 28 30
3 5 7 10 13 11 17 19 21 24 27 25 30
3 5 7 10 13 11 17 20 18 22 23 24 30
3 5 7 10 13 11 17 20 18 22 25 28 30
3 5 7 10 13 11 17 20 18 22 26 27 30
3 5 7 10 13 11 17 20 18 23 26 25 30
3 5 7 10 13 11 17 20 18 23 27 28 30
3 5 7 10 13 11 17 20 18 24 26 28 30
3 5 7 10 13 11 17 20 18 24 27 25 30
3 6 4 8 9 10 15 16 17 22 23 24 30
3 6 4 8 9 10 15 16 17 22 25 28 30
3 6 4 8 9 10 15 16 17 22 26 27 30
3 6 4 8 9 10 15 16 17 23 26 25 30
3 6 4 8 9 10 15 16 17 23 27 28 30
3 6 4 8 9 10 15 16 17 24 26 28 30
3 6 4 8 9 10 15 16 17 24 27 25 30
3 6 4 8 9 10 15 18 21 22 23 24 30
3 6 4 8 9 10 15 18 21 22 25 28 30
3 6 4 8 9 10 15 18 21 22 26 27 30
3 6 4 8 9 10 15 18 21 23 26 25 30
3 6 4 8 9 10 15 18 21 23 27 28 30
3 6 4 8 9 10 15 18 21 24 26 28 30
3 6 4 8 9 10 15 18 21 24 27 25 30
3 6 4 8 9 10 15 19 20 22 23 24 30
3 6 4 8 9 10 15 19 20 22 25 28 30
3 6 4 8 9 10 15 19 20 22 26 27 30
3 6 4 8 9 10 15 19 20 23 26 25 30
3 6 4 8 9 10 15 19 20 23 27 28 30
3 6 4 8 9 10 15 19 20 24 26 28 30
3 6 4 8 9 10 15 19 20 24 27 25 30
3 6 4 8 9 10 16 19 18 22 23 24 30
3 6 4 8 9 10 16 19 18 22 25 28 30
3 6 4 8 9 10 16 19 18 22 26 27 30
3 6 4 8 9 10 16 19 18 23 26 25 30
3 6 4 8 9 10 16 19 18 23 27 28 30
3 6 4 8 9 10 16 19 18 24 26 28 30
3 6 4 8 9 10 16 19 18 24 27 25 30
3 6 4 8 9 10 16 20 21 22 23 24 30
3 6 4 8 9 10 16 20 21 22 25 28 30
3 6 4 8 9 10 16 20 21 22 26 27 30
3 6 4 8 9 10 16 20 21 23 26 25 30
3 6 4 8 9 10 16 20 21 23 27 28 30
3 6 4 8 9 10 16 20 21 24 26 28 30
3 6 4 8 9 10 16 20 21 24 27 25 30
3 6 4 8 9 10 17 19 21 22 23 24 30
3 6 4 8 9 10 17 19 21 22 25 28 30
3 6 4 8 9 10 17 19 21 22 26 27 30
3 6 4 8 9 10 17 19 21 23 26 25 30
3 6 4 8 9 10 17 19 21 23 27 28 30
3 6 4 8 9 10 17 19 21 24 26 28 30
3 6 4 8 9 10 17 19 21 24 27 25 30
3 6 4 8 9 10 17 20 18 22 23 24 30
3 6 4 8 9 10 17 20 18 22 25 28 30
3 6 4 8 9 10 17 20 18 22 26 27 30
3 6 4 8 9 10 17 20 18 23 26 25 30
3 6 4 8 9 10 17 20 18 23 27 28 30
3 6 4 8 9 10 17 20 18 24 26 28 30
3 6 4 8 9 10 17 20 18 24 27 25 30
3 6 4 8 11 14 15 16 17 22 23 24 30
3 6 4 8 11 14 15 16 17 22 25 28 30
3 6 4 8 11 14 15 16 17 22 26 27 30
3 6 4 8 11 14 15 16 17 23 26 25 30
3 6 4 8 11 14 15 16 17 23 27 28 30
3 6 4 8 11 14 15 16 17 24 26 28 30
3 6 4 8 11 14 15 16 17 24 27 25 30
3 6 4 8 11 14 15 18 21 22 23 24 30
3 6 4 8 11 14 15 18 21 22 25 28 30
3 6 4 8 11 14 15 18 21 22 26 27 30
3 6 4 8 11 14 15 18 21 23 26 25 30
3 6 4 8 11 14 15 18 21 23 27 28 30
3 6 4 8 11 14 15 18 21 24 26 28 30
3 6 4 8 11 14 15 18 21 24 27 25 30
3 6 4 8 11 14 15 19 20 22 23 24 30
3 6 4 8 11 14 15 19 20 22 25 28 30
3 6 4 8 11 14 15 19 20 22 26 27 30
3 6 4 8 11 14 15 19 20 23 26 25 30
3 6 4 8 11 14 15 19 20 23 27 28 30
3 6 4 8 11 14 15 19 20 24 26 28 30
3 6 4 8 11 14 15 19 20 24 27 25 30
3 6 4 8 11 14 16 19 18 22 23 24 30
3 6 4 8 11 14 16 19 18 22 25 28 30
3 6 4 8 11 14 16 19 18 22 26 27 30
3 6 4 8 11 14 16 19 18 23 26 25 30
3 6 4 8 11 14 16 19 18 23 27 28 30
3 6 4 8 11 14 16 19 18 24 26 28 30
3 6 4 8 11 14 16 19 18 24 27 25 30
3 6 4 8 11 14 16 20 21 22 23 24 30
3 6 4 8 11 14 16 20 21 22 25 28 30
3 6 4 8 11 14 16 20 21 22 26 27 30
3 6 4 8 11 14 16 20 21 23 26 25 30
3 6 4 8 11 14 16 20 21 23 27 28 30
3 6 4 8 11 14 16 20 21 24 26 28 30
3 6 4 8 11 14 16 20 21 24 27 25 30
3 6 4 8 11 14 17 19 21 22 23 24 30
3 6 4 8 11 14 17 19 21 22 25 28 30
3 6 4 8 11 14 17 19 21 22 26 27 30
3 6 4 8 11 14 17 19 21 23 26 25 30
3 6 4 8 11 14 17 19 21 23 27 28 30
3 6 4 8 11 14 17 19 21 24 26 28 30
3 6 4 8 11 14 17 19 21 24 27 25 30
3 6 4 8 11 14 17 20 18 22 23 24 30
3 6 4 8 11 14 17 20 18 22 25 28 30
3 6 4 8 11 14 17 20 18 22 26 27 30
3 6 4 8 11 14 17 20 18 23 26 25 30
3 6 4 8 11 14 17 20 18 23 27 28 30
3 6 4 8 11 14 17 20 18 24 26 28 30
3 6 4 8 11 14 17 20 18 24 27 25 30
3 6 4 8 12 13 15 16 17 22 23 24 30
3 6 4 8 12 13 15 16 17 22 25 28 30
3 6 4 8 12 13 15 16 17 22 26 27 30
3 6 4 8 12 13 15 16 17 23 26 25 30
3 6 4 8 12 13 15 16 17 23 27 28 30
3 6 4 8 12 13 15 16 17 24 26 28 30
3 6 4 8 12 13 15 16 17 24 27 25 30
3 6 4 8 12 13 15 18 21 22 23 24 30
3 6 4 8 12 13 15 18 21 22 25 28 30
3 6 4 8 12 13 15 18 21 22 26 27 30
3 6 4 8 12 13 15 18 21 23 26 25 30
3 6 4 8 12 13 15 18 21 23 27 28 30
3 6 4 8 12 13 15 18 21 24 26 28 30
3 6 4 8 12 13 15 18 21 24 27 25 30
3 6 4 8 12 13 15 19 20 22 23 24 30
3 6 4 8 12 13 15 19 20 22 25 28 30
3 6 4 8 12 13 15 19 20 22 26 27 30
3 6 4 8 12 13 15 19 20 23 26 25 30
3 6 4 8 12 13 15 19 20 23 27 28 30
3 6 4 8 12 13 15 19 20 24 26 28 30
3 6 4 8 12 13 15 19 20 24 27 25 30
3 6 4 8 12 13 16 19 18 22 23 24 30
3 6 4 8 12 13 16 19 18 22 25 28 30
3 6 4 8 12 13 16 19 18 22 26 27 30
3 6 4 8 12 13 16 19 18 23 26 25 30
3 6 4 8 12 13 16 19 18 23 27 28 30
3 6 4 8 12 13 16 19 18 24 26 28 30
3 6 4 8 12 13 16 19 18 24 27 25 30
3 6 4 8 12 13 16 20 21 22 23 24 30
3 6 4 8 12 13 16 20 21 22 25 28 30
3 6 4 8 12 13 16 20 21 22 26 27 30
3 6 4 8 12 13 16 20 21 23 26 25 30
3 6 4 8 12 13 16 20 21 23 27 28 30
3 6 4 8 12 13 16 20 21 24 26 28 30
3 6 4 8 12 13 16 20 21 24 27 25 30
3 6 4 8 12 13 17 19 21 22 23 24 30
3 6 4 8 12 13 17 19 21 22 25 28 30
3 6 4 8 12 13 17 19 21 22 26 27 30
3 6 4 8 12 13 17 19 21 23 26 25 30
3 6 4 8 12 13 17 19 21 23 27 28 30
3 6 4 8 12 13 17 19 21 24 26 28 30
3 6 4 8 12 13 17 19 21 24 27 25 30
3 6 4 8 12 13 17 20 18 22 23 24 30
3 6 4 8 12 13 17 20 18 22 25 28 30
3 6 4 8 12 13 17 20 18 22 26 27 30
3 6 4 8 12 13 17 20 18 23 26 25 30
3 6 4 8 12 13 17 20 18 23 27 28 30
3 6 4 8 12 13 17 20 18 24 26 28 30
3 6 4 8 12 13 17 20 18 24 27 25 30
3 6 4 9 12 11 15 16 17 22 23 24 30
3 6 4 9 12 11 15 16 17 22 25 28 30
3 6 4 9 12 11 15 16 17 22 26 27 30
3 6 4 9 12 11 15 16 17 23 26 25 30
3 6 4 9 12 11 15 16 17 23 27 28 30
3 6 4 9 12 11 15 16 17 24 26 28 30
3 6 4 9 12 11 15 16 17 24 27 25 30
3 6 4 9 12 11 15 18 21 22 23 24 30
3 6 4 9 12 11 15 18 21 22 25 28 30
3 6 4 9 12 11 15 18 21 22 26 27 30
3 6 4 9 12 11 15 18 21 23 26 25 30
3 6 4 9 12 11 15 18 21 23 27 28 30
3 6 4 9 12 11 15 18 21 24 26 28 30
3 6 4 9 12 11 15 18 21 24 27 25 30
3 6 4 9 12 11 15 19 20 22 23 24 30
3 6 4 9 12 11 15 19 20 22 25 28 30
3 6 4 9 12 11 15 19 20 22 26 27 30
3 6 4 9 12 11 15 19 20 23 26 25 30
3 6 4 9 12 11 15 19 20 23 27 28 30
3 6 4 9 12 11 15 19 20 24 26 28 30
3 6 4 9 12 11 15 19 20 24 27 25 30
3 6 4 9 12 11 16 19 18 22 23 24 30
3 6 4 9 12 11 16 19 18 22 25 28 30
3 6 4 9 12 11 16 19 18 22 26 27 30
3 6 4 9 12 11 16 19 18 23 26 25 30
3 6 4 9 12 11 16 19 18 23 27 28 30
3 6 4 9 12 11 16 19 18 24 26 28 30
3 6 4 9 12 11 16 19 18 24 27 25 30
3 6 4 9 12 11 16 20 21 22 23 24 30
3 6 4 9 12 11 16 20 21 22 25 28 30
3 6 4 9 12 11 16 20 21 22 26 27 30
3 6 4 9 12 11 16 20 21 23 26 25 30
3 6 4 9 12 11 16 20 21 23 27 28 30
3 6 4 9 12 11 16 20 21 24 26 28 30
3 6 4 9 12 11 16 20 21 24 27 25 30
3 6 4 9 12 11 17 19 21 22 23 24 30
3 6 4 9 12 11 17 19 21 22 25 28 30
3 6 4 9 12 11 17 19 21 22 26 27 30
3 6 4 9 12 11 17 19 21 23 26 25 30
3 6 4 9 12 11 17 19 21 23 27 28 30
3 6 4 9 12 11 17 19 21 24 26 28 30
3 6 4 9 12 11 17 19 21 24 27 25 30
3 6 4 9 12 11 17 20 18 22 23 24 30
3 6 4 9 12 11 17 20 18 22 25 28 30
3 6 4 9 12 11 17 20 18 22 26 27 30
3 6 4 9 12 11 17 20 18 23 26 25 30
3 6 4 9 12 11 17 20 18 23 27 28 30
3 6 4 9 12 11 17 20 18 24 26 28 30
3 6 4 9 12 11 17 20 18 24 27 25 30
3 6 4 9 13 14 15 16 17 22 23 24 30
3 6 4 9 13 14 15 16 17 22 25 28 30
3 6 4 9 13 14 15 16 17 22 26 27 30
3 6 4 9 13 14 15 16 17 23 26 25 30
3 6 4 9 13 14 15 16 17 23 27 28 30
3 6 4 9 13 14 15 16 17 24 26 28 30
3 6 4 9 13 14 15 16 17 24 27 25 30
3 6 4 9 13 14 15 18 21 22 23 24 30
3 6 4 9 13 14 15 18 21 22 25 28 30
3 6 4 9 13 14 15 18 21 22 26 27 30
3 6 4 9 13 14 15 18 21 23 26 25 30
3 6 4 9 13 14 15 18 21 23 27 28 30
3 6 4 9 13 14 15 18 21 24 26 28 30
3 6 4 9 13 14 15 18 21 24 27 25 30
3 6 4 9 13 14 15 19 20 22 23 24 30
3 6 4 9 13 14 15 19 20 22 25 28 30
3 6 4 9 13 14 15 19 20 22 26 27 30
3 6 4 9 13 14 15 19 20 23 26 25 30
3 6 4 9 13 14 15 19 20 23 27 28 30
3 6 4 9 13 14 15 19 20 24 26 28 30
3 6 4 9 13 14 15 19 20 24 27 25 30
3 6 4 9 13 14 16 19 18 22 23 24 30
3 6 4 9 13 14 16 19 18 22 25 28 30
3 6 4 9 13 14 16 19 18 22 26 27 30
3 6 4 9 13 14 16 19 18 23 26 25 30
3 6 4 9 13 14 16 19 18 23 27 28 30
3 6 4 9 13 14 16 19 18 24 26 28 30
3 6 4 9 13 14 16 19 18 24 27 25 30
3 6 4 9 13 14 16 20 21 22 23 24 30
3 6 4 9 13 14 16 20 21 22 25 28 30
3 6 4 9 13 14 16 20 21 22 26 27 30
3 6 4 9 13 14 16 20 21 23 26 25 30
3 6 4 9 13 14 16 20 21 23 27 28 30
3 6 4 9 13 14 16 20 21 24 26 28 30
3 6 4 9 13 14 16 20 21 24 27 25 30
3 6 4 9 13 14 17 19 21 22 23 24 30
3 6 4 9 13 14 17 19 21 22 25 28 30
3 6 4 9 13 14 17 19 21 22 26 27 30
3 6 4 9 13 14 17 19 21 23 26 25 30
3 6 4 9 13 14 17 19 21 23 27 28 30
3 6 4 9 13 14 17 19 21 24 26 28 30
3 6 4 9 13 14 17 19 21 24 27 25 30
3 6 4 9 13 14 17 20 18 22 23 24 30
3 6 4 9 13 14 17 20 18 22 25 28 30
3 6 4 9 13 14 17 20 18 22 26 27 30
3 6 4 9 13 14 17 20 18 23 26 25 30
3 6 4 9 13 14 17 20 18 23 27 28 30
3 6 4 9 13 14 17 20 18 24 26 28 30
3 6 4 9 13 14 17 20 18 24 27 25 30
3 6 4 10 12 14 15 16 17 22 23 24 30
3 6 4 10 12 14 15 16 17 22 25 28 30
3 6 4 10 12 14 15 16 17 22 26 27 30
3 6 4 10 12 14 15 16 17 23 26 25 30
3 6 4 10 12 14 15 16 17 23 27 28 30
3 6 4 10 12 14 15 16 17 24 26 28 30
3 6 4 10 12 14 15 16 17 24 27 25 30
3 6 4 10 12 14 15 18 21 22 23 24 30
3 6 4 10 12 14 15 18 21 22 25 28 30
3 6 4 10 12 14 15 18 21 22 26 27 30
3 6 4 10 12 14 15 18 21 23 26 25 30
3 6 4 10 12 14 15 18 21 23 27 28 30
3 6 4 10 12 14 15 18 21 24 26 28 30
3 6 4 10 12 14 15 18 21 24 27 25 30
3 6 4 10 12 14 15 19 20 22 23 24 30
3 6 4 10 12 14 15 19 20 22 25 28 30
3 6 4 10 12 14 15 19 20 22 26 27 30
3 6 4 10 12 14 15 19 20 23 26 25 30
3 6 4 10 12 14 15 19 20 23 27 28 30
3 6 4 10 12 14 15 19 20 24 26 28 30
3 6 4 10 12 14 15 19 20 24 27 25 30
3 6 4 10 12 14 16 19 18 22 23 24 30
3 6 4 10 12 14 16 19 18 22 25 28 30
3 6 4 10 12 14 16 19 18 22 26 27 30
3 6 4 10 12 14 16 19 18 23 26 25 30
3 6 4 10 12 14 16 19 18 23 27 28 30
3 6 4 10 12 14 16 19 18 24 26 28 30
3 6 4 10 12 14 16 19 18 24 27 25 30
3 6 4 10 12 14 16 20 21 22 23 24 30
3 6 4 10 12 14 16 20 21 22 25 28 30
3 6 4 10 12 14 16 20 21 22 26 27 30
3 6 4 10 12 14 16 20 21 23 26 25 30
3 6 4 10 12 14 16 20 21 23 27 28 30
3 6 4 10 12 14 16 20 21 24 26 28 30
3 6 4 10 12 14 16 20 21 24 27 25 30
3 6 4 10 12 14 17 19 21 22 23 24 30
3 6 4 10 12 14 17 19 21 22 25 28 30
3 6 4 10 12 14 17 19 21 22 26 27 30
3 6 4 10 12 14 17 19 21 23 26 25 30
3 6 4 10 12 14 17 19 21 23 27 28 30
3 6 4 10 12 14 17 19 21 24 26 28 30
3 6 4 10 12 14 17 19 21 24 27 25 30
3 6 4 10 12 14 17 20 18 22 23 24 30
3 6 4 10 12 14 17 20 18 22 25 28 30
3 6 4 10 12 14 17 20 18 22 26 27 30
3 6 4 10 12 14 17 20 18 23 26 25 30
3 6 4 10 12 14 17 20 18 23 27 28 30
3 6 4 10 12 14 17 20 18 24 26 28 30
3 6 4 10 12 14 17 20 18 24 27 25 30
3 6 4 10 13 11 15 16 17 22 23 24 30
3 6 4 10 13 11 15 16 17 22 25 28 30
3 6 4 10 13 11 15 16 17 22 26 27 30
3 6 4 10 13 11 15 16 17 23 26 25 30
3 6 4 10 13 11 15 16 17 23 27 28 30
3 6 4 10 13 11 15 16 17 24 26 28 30
3 6 4 10 13 11 15 16 17 24 27 25 30
3 6 4 10 13 11 15 18 21 22 23 24 30
3 6 4 10 13 11 15 18 21 22 25 28 30
3 6 4 10 13 11 15 18 21 22 26 27 30
3 6 4 10 13 11 15 18 21 23 26 25 30
3 6 4 10 13 11 15 18 21 23 27 28 30
3 6 4 10 13 11 15 18 21 24 26 28 30
3 6 4 10 13 11 15 18 21 24 27 25 30
3 6 4 10 13 11 15 19 20 22 23 24 30
3 6 4 10 13 11 15 19 20 22 25 28 30
3 6 4 10 13 11 15 19 20 22 26 27 30
3 6 4 10 13 11 15 19 20 23 26 25 30
3 6 4 10 13 11 15 19 20 23 27 28 30
3 6 4 10 13 11 15 19 20 24 26 28 30
3 6 4 10 13 11 15 19 20 24 27 25 30
3 6 4 10 13 11 16 19 18 22 23 24 30
3 6 4 10 13 11 16 19 18 22 25 28 30
3 6 4 10 13 11 16 19 18 22 26 27 30
3 6 4 10 13 11 16 19 18 23 26 25 30
3 6 4 10 13 11 16 19 18 23 27 28 30
3 6 4 10 13 11 16 19 18 24 26 28 30
3 6 4 10 13 11 16 19 18 24 27 25 30
3 6 4 10 13 11 16 20 21 22 23 24 30
3 6 4 10 13 11 16 20 21 22 25 28 30
3 6 4 10 13 11 16 20 21 22 26 27 30
3 6 4 10 13 11 16 20 21 23 26 25 30
3 6 4 10 13 11 16 20 21 23 27 28 30
3 6 4 10 13 11 16 20 21 24 26 28 30
3 6 4 10 13 11 16 20 21 24 27 25 30
3 6 4 10 13 11 17 19 21 22 23 24 30
3 6 4 10 13 11 17 19 21 22 25 28 30
3 6 4 10 13 11 17 19 21 22 26 27 30
3 6 4 10 13 11 17 19 21 23 26 25 30
3 6 4 10 13 11 17 19 21 23 27 28 30
3 6 4 10 13 11 17 19 21 24 26 28 30
3 6 4 10 13 11 17 19 21 24 27 25 30
3 6 4 10 13 11 17 20 18 22 23 24 30
3 6 4 10 13 11 17 20 18 22 25 28 30
3 6 4 10 13 11 17 20 18 22 26 27 30
3 6 4 10 13 11 17 20 18 23 26 25 30
3 6 4 10 13 11 17 20 18 23 27 28 30
3 6 4 10 13 11 17 20 18 24 26 28 30
3 6 4 10 13 11 17 20 18 24 27 25 30
29 30
