2 1
4 1
4 2
4 3
6 1
6 2
6 3
6 4
6 5
8 1
8 2
8 3
8 4
8 5
8 6
8 7
10 1
10 2
10 3
10 4
10 5
10 6
10 7
10 8
10 9
12 1
12 2
12 3
12 4
12 5
12 6
12 7
12 8
12 9
12 10
12 11
14 1
14 2
14 3
14 4
14 5
14 6
14 7
14 8
14 9
14 10
14 11
14 12
14 13
16 1
16 2
16 3
16 4
16 5
16 6
16 7
16 8
16 9
16 10
16 11
16 12
16 13
16 14
16 15
18 1
18 2
18 3
18 4
18 5
18 6
18 7
18 8
18 9
18 10
18 11
18 12
18 13
18 14
18 15
18 16
18 17
20 1
20 2
20 3
20 4
20 5
20 6
20 7
20 8
20 9
20 10
20 11
20 12
20 13
20 14
20 15
20 16
20 17
20 18
20 19
22 1
22 2
22 3
22 4
22 5
22 6
22 7
22 8
22 9
22 10
22 11
22 12
22 13
22 14
22 15
22 16
22 17
22 18
22 19
22 20
22 21
24 1
24 2
24 3
24 4
24 5
24 6
24 7
24 8
24 9
24 10
24 11
24 12
24 13
24 14
24 15
24 16
24 17
24 18
24 19
24 20
24 21
24 22
24 23
26 1
26 2
26 3
26 4
26 5
26 6
26 7
26 8
26 9
26 10
26 11
26 12
26 13
26 14
26 15
26 16
26 17
26 18
26 19
26 20
26 21
26 22
26 23
26 24
26 25
28 1
28 2
28 3
28 4
28 5
28 6
28 7
28 8
28 9
28 10
28 11
28 12
28 13
28 14
28 15
28 16
28 17
28 18
28 19
28 20
28 21
28 22
28 23
28 24
28 25
28 26
28 27
30 1
30 2
30 3
30 4
30 5
30 6
30 7
30 8
30 9
30 10
30 11
30 12
30 13
30 14
30 15
30 16
30 17
30 18
30 19
30 20
30 21
30 22
30 23
30 24
30 25
30 26
30 27
30 28
30 29
32 1
32 2
32 3
32 4
32 5
32 6
32 7
32 8
32 9
32 10
32 11
32 12
32 13
32 14
32 15
32 16
32 17
32 18
32 19
32 20
32 21
32 22
32 23
32 24
32 25
32 26
32 27
32 28
32 29
32 30
32 31
34 1
34 2
34 3
34 4
34 5
34 6
34 7
34 8
34 9
34 10
34 11
34 12
34 13
34 14
34 15
34 16
34 17
34 18
34 19
34 20
34 21
34 22
34 23
34 24
34 25
34 26
34 27
34 28
34 29
34 30
34 31
34 32
34 33
36 1
36 2
36 3
36 4
36 5
36 6
36 7
36 8
36 9
36 10
36 11
36 12
36 13
36 14
36 15
36 16
36 17
36 18
36 19
36 20
36 21
36 22
36 23
36 24
36 25
36 26
36 27
36 28
36 29
36 30
36 31
36 32
36 33
36 34
36 35
38 1
38 2
38 3
38 4
38 5
38 6
38 7
38 8
38 9
38 10
38 11
38 12
38 13
38 14
38 15
38 16
38 17
38 18
38 19
38 20
38 21
38 22
38 23
38 24
38 25
38 26
38 27
38 28
38 29
38 30
38 31
38 32
38 33
38 34
38 35
38 36
38 37
40 1
40 2
40 3
40 4
40 5
40 6
40 7
40 8
40 9
40 10
40 11
40 12
40 13
40 14
40 15
40 16
40 17
40 18
40 19
40 20
40 21
40 22
40 23
40 24
40 25
40 26
40 27
40 28
40 29
40 30
40 31
40 32
40 33
40 34
40 35
40 36
40 37
40 38
40 39
42 1
42 2
42 3
42 4
42 5
42 6
42 7
42 8
42 9
42 10
42 11
42 12
42 13
42 14
42 15
42 16
42 17
42 18
42 19
42 20
42 21
42 22
42 23
42 24
42 25
42 26
42 27
42 28
42 29
42 30
42 31
42 32
42 33
42 34
42 35
42 36
42 37
42 38
42 39
42 40
42 41
44 1
44 2
44 3
44 4
44 5
44 6
44 7
44 8
44 9
44 10
44 11
44 12
44 13
44 14
44 15
44 16
44 17
44 18
44 19
44 20
44 21
44 22
44 23
44 24
44 25
44 26
44 27
44 28
44 29
44 30
44 31
44 32
44 33
44 34
44 35
44 36
44 37
44 38
44 39
44 40
44 41
44 42
44 43
46 1
46 2
46 3
46 4
46 5
46 6
46 7
46 8
46 9
46 10
46 11
46 12
46 13
46 14
46 15
46 16
46 17
46 18
46 19
46 20
46 21
46 22
46 23
46 24
46 25
46 26
46 27
46 28
46 29
46 30
46 31
46 32
46 33
46 34
46 35
46 36
46 37
46 38
46 39
46 40
46 41
46 42
46 43
46 44
46 45
48 1
48 2
48 3
48 4
48 5
48 6
48 7
48 8
48 9
48 10
48 11
48 12
48 13
48 14
48 15
48 16
48 17
48 18
48 19
48 20
48 21
48 22
48 23
48 24
48 25
48 26
48 27
48 28
48 29
48 30
48 31
48 32
48 33
48 34
48 35
48 36
48 37
48 38
48 39
48 40
48 41
48 42
48 43
48 44
48 45
48 46
48 47
50 1
50 2
50 3
50 4
50 5
50 6
50 7
50 8
50 9
50 10
50 11
50 12
50 13
50 14
50 15
50 16
50 17
50 18
50 19
50 20
50 21
50 22
50 23
50 24
50 25
50 26
50 27
50 28
50 29
50 30
50 31
50 32
50 33
50 34
50 35
50 36
50 37
50 38
50 39
50 40
50 41
50 42
50 43
50 44
50 45
50 46
50 47
50 48
50 49
52 1
52 2
52 3
52 4
52 5
52 6
52 7
52 8
52 9
52 10
52 11
52 12
52 13
52 14
52 15
52 16
52 17
52 18
52 19
52 20
52 21
52 22
52 23
52 24
52 25
52 26
52 27
52 28
52 29
52 30
52 31
52 32
52 33
52 34
52 35
52 36
52 37
52 38
52 39
52 40
52 41
52 42
52 43
52 44
52 45
52 46
52 47
52 48
52 49
52 50
52 51
54 1
54 2
54 3
54 4
54 5
54 6
54 7
54 8
54 9
54 10
54 11
54 12
54 13
54 14
54 15
54 16
54 17
54 18
54 19
54 20
54 21
54 22
54 23
54 24
54 25
54 26
54 27
54 28
54 29
54 30
54 31
54 32
54 33
54 34
54 35
54 36
54 37
54 38
54 39
54 40
54 41
54 42
54 43
54 44
54 45
54 46
54 47
54 48
54 49
54 50
54 51
54 52
54 53
56 1
56 2
56 3
56 4
56 5
56 6
56 7
56 8
56 9
56 10
56 11
56 12
56 13
56 14
56 15
56 16
56 17
56 18
56 19
56 20
56 21
56 22
56 23
56 24
56 25
56 26
56 27
56 28
56 29
56 30
56 31
56 32
56 33
56 34
56 35
56 36
56 37
56 38
56 39
56 40
56 41
56 42
56 43
56 44
56 45
56 46
56 47
56 48
56 49
56 50
56 51
56 52
56 53
56 54
56 55
58 1
58 2
58 3
58 4
58 5
58 6
58 7
58 8
58 9
58 10
58 11
58 12
58 13
58 14
58 15
58 16
58 17
58 18
58 19
58 20
58 21
58 22
58 23
58 24
58 25
58 26
58 27
58 28
58 29
58 30
58 31
58 32
58 33
58 34
58 35
58 36
58 37
58 38
58 39
58 40
58 41
58 42
58 43
58 44
58 45
58 46
58 47
58 48
58 49
58 50
58 51
58 52
58 53
58 54
58 55
58 56
58 57
60 1
60 2
60 3
60 4
60 5
60 6
60 7
60 8
60 9
60 10
60 11
60 12
60 13
60 14
60 15
60 16
60 17
60 18
60 19
60 20
60 21
60 22
60 23
60 24
60 25
60 26
60 27
60 28
60 29
60 30
60 31
60 32
60 33
60 34
60 35
60 36
60 37
60 38
60 39
60 40
60 41
60 42
60 43
60 44
60 45
60 46
60 47
60 48
60 49
60 50
60 51
60 52
60 53
60 54
60 55
60 56
60 57
60 58
60 59
62 1
62 2
62 3
62 4
62 5
62 6
62 7
62 8
62 9
62 10
62 11
62 12
62 13
62 14
62 15
62 16
62 17
62 18
62 19
62 20
62 21
62 22
62 23
62 24
62 25
62 26
62 27
62 28
62 29
62 30
62 31
62 32
62 33
62 34
62 35
62 36
62 37
62 38
62 39
62 40
62 41
62 42
62 43
62 44
62 45
62 46
62 47
62 48
62 49
62 50
62 51
62 52
62 53
62 54
62 55
62 56
62 57
62 58
62 59
62 60
62 61
64 1
64 2
64 3
64 4
64 5
64 6
64 7
64 8
64 9
64 10
64 11
64 12
64 13
64 14
64 15
64 16
64 17
64 18
64 19
64 20
64 21
64 22
64 23
64 24
64 25
64 26
64 27
64 28
64 29
64 30
64 31
64 32
64 33
64 34
64 35
64 36
64 37
64 38
64 39
64 40
64 41
64 42
64 43
64 44
64 45
64 46
64 47
64 48
64 49
64 50
64 51
64 52
64 53
64 54
64 55
64 56
64 57
64 58
64 59
64 60
64 61
64 62
64 63
66 1
66 2
66 3
66 4
66 5
66 6
66 7
66 8
66 9
66 10
66 11
66 12
66 13
66 14
66 15
66 16
66 17
66 18
66 19
66 20
66 21
66 22
66 23
66 24
66 25
66 26
66 27
66 28
66 29
66 30
66 31
66 32
66 33
66 34
66 35
66 36
66 37
66 38
66 39
66 40
66 41
66 42
66 43
66 44
66 45
66 46
66 47
66 48
66 49
66 50
66 51
66 52
66 53
66 54
66 55
66 56
66 57
66 58
66 59
66 60
66 61
66 62
66 63
66 64
66 65
68 1
68 2
68 3
68 4
68 5
68 6
68 7
68 8
68 9
68 10
68 11
68 12
68 13
68 14
68 15
68 16
68 17
68 18
68 19
68 20
68 21
68 22
68 23
68 24
68 25
68 26
68 27
68 28
68 29
68 30
68 31
68 32
68 33
68 34
68 35
68 36
68 37
68 38
68 39
68 40
68 41
68 42
68 43
68 44
68 45
68 46
68 47
68 48
68 49
68 50
68 51
68 52
68 53
68 54
68 55
68 56
68 57
68 58
68 59
68 60
68 61
68 62
68 63
68 64
68 65
68 66
68 67
70 1
70 2
70 3
70 4
70 5
70 6
70 7
70 8
70 9
70 10
70 11
70 12
70 13
70 14
70 15
70 16
70 17
70 18
70 19
70 20
70 21
70 22
70 23
70 24
70 25
70 26
70 27
70 28
70 29
70 30
70 31
70 32
70 33
70 34
70 35
70 36
70 37
70 38
70 39
70 40
70 41
70 42
70 43
70 44
70 45
70 46
70 47
70 48
70 49
70 50
70 51
70 52
70 53
70 54
70 55
70 56
70 57
70 58
70 59
70 60
70 61
70 62
70 63
70 64
70 65
70 66
70 67
70 68
70 69
72 1
72 2
72 3
72 4
72 5
72 6
72 7
72 8
72 9
72 10
72 11
72 12
72 13
72 14
72 15
72 16
72 17
72 18
72 19
72 20
72 21
72 22
72 23
72 24
72 25
72 26
72 27
72 28
72 29
72 30
72 31
72 32
72 33
72 34
72 35
72 36
72 37
72 38
72 39
72 40
72 41
72 42
72 43
72 44
72 45
72 46
72 47
72 48
72 49
72 50
72 51
72 52
72 53
72 54
72 55
72 56
72 57
72 58
72 59
72 60
72 61
72 62
72 63
72 64
72 65
72 66
72 67
72 68
72 69
72 70
72 71
74 1
74 2
74 3
74 4
74 5
74 6
74 7
74 8
74 9
74 10
74 11
74 12
74 13
74 14
74 15
74 16
74 17
74 18
74 19
74 20
74 21
74 22
74 23
74 24
74 25
74 26
74 27
74 28
74 29
74 30
74 31
74 32
74 33
74 34
74 35
74 36
74 37
74 38
74 39
74 40
74 41
74 42
74 43
74 44
74 45
74 46
74 47
74 48
74 49
74 50
74 51
74 52
74 53
74 54
74 55
74 56
74 57
74 58
74 59
74 60
74 61
74 62
74 63
74 64
74 65
74 66
74 67
74 68
74 69
74 70
74 71
74 72
74 73
76 1
76 2
76 3
76 4
76 5
76 6
76 7
76 8
76 9
76 10
76 11
76 12
76 13
76 14
76 15
76 16
76 17
76 18
76 19
76 20
76 21
76 22
76 23
76 24
76 25
76 26
76 27
76 28
76 29
76 30
76 31
76 32
76 33
76 34
76 35
76 36
76 37
76 38
76 39
76 40
76 41
76 42
76 43
76 44
76 45
76 46
76 47
76 48
76 49
76 50
76 51
76 52
76 53
76 54
76 55
76 56
76 57
76 58
76 59
76 60
76 61
76 62
76 63
76 64
76 65
76 66
76 67
76 68
76 69
76 70
76 71
76 72
76 73
76 74
76 75
78 1
78 2
78 3
78 4
78 5
78 6
78 7
78 8
78 9
78 10
78 11
78 12
78 13
78 14
78 15
78 16
78 17
78 18
78 19
78 20
78 21
78 22
78 23
78 24
78 25
78 26
78 27
78 28
78 29
78 30
78 31
78 32
78 33
78 34
78 35
78 36
78 37
78 38
78 39
78 40
78 41
78 42
78 43
78 44
78 45
78 46
78 47
78 48
78 49
78 50
78 51
78 52
78 53
78 54
78 55
78 56
78 57
78 58
78 59
78 60
78 61
78 62
78 63
78 64
78 65
78 66
78 67
78 68
78 69
78 70
78 71
78 72
78 73
78 74
78 75
78 76
78 77
80 1
80 2
80 3
80 4
80 5
80 6
80 7
80 8
80 9
80 10
80 11
80 12
80 13
80 14
80 15
80 16
80 17
80 18
80 19
80 20
80 21
80 22
80 23
80 24
80 25
80 26
80 27
80 28
80 29
80 30
80 31
80 32
80 33
80 34
80 35
80 36
80 37
80 38
80 39
80 40
80 41
80 42
80 43
80 44
80 45
80 46
80 47
80 48
80 49
80 50
80 51
80 52
80 53
80 54
80 55
80 56
80 57
80 58
80 59
80 60
80 61
80 62
80 63
80 64
80 65
80 66
80 67
80 68
80 69
80 70
80 71
80 72
80 73
80 74
80 75
80 76
80 77
80 78
80 79
