1 2 3 5 7 13 14 17 18 20 21 22 24 26 29 30 31 33 35 40 42 43 45 47 49 51 52 54 55 57 62 64 66 70 71 75 76 80 81 86 90 91 94 97 99 102 103 105 110 111
1 2 8 12 14 15 16 17 18 19 20 21 24 25 27 30 33 34 41 42 46 47 49 52 53 55 56 57 61 65 66 67 72 73 76 78 80 81 84 85 91 99 100 102 103 105 106 107 111
2 6 11 14 17 18 19 21 22 24 26 28 30 32 33 36 38 39 40 43 46 47 51 54 55 56 58 61 62 66 68 69 70 71 72 73 75 77 78 79 80 81 85 86 89 93 95 96 98 101 103 105 106 107 108 109 110 111
6 7 8 10 12 14 17 18 20 24 25 27 30 31 33 34 35 36 41 42 43 44 47 48 49 53 55 60 63 64 67 69 70 73 74 75 76 77 79 81 82 86 89 90 91 92 94 98 105 106 107 108
1 5 6 8 11 12 17 23 25 27 28 30 31 32 33 37 42 45 47 51 53 58 61 62 64 66 69 72 74 77 79 81 83 85 92 94 95 99 100 101 103 105 107 108 109 110 111
1 3 7 8 9 11 12 16 17 20 23 25 26 29 30 34 37 38 39 40 41 44 46 51 56 59 66 70 71 72 75 76 77 78 79 80 81 82 83 84 86 87 89 90 95 96 97 101 102 106 110
5 9 14 15 21 26 31 32 33 35 39 42 43 46 47 48 50 51 53 61 63 69 70 71 72 73 74 75 76 77 80 88 90 91 92 96 99 101 103 105 107 109 111
1 4 13 16 19 21 23 27 31 32 34 35 37 39 40 41 44 45 49 50 51 54 57 58 59 61 62 63 67 70 73 74 75 77 78 81 83 84 85 89 90 91 94 96 98 99 100 101 102 103 104 107
1 4 5 6 11 12 14 16 17 19 24 25 26 27 31 34 35 36 37 38 40 47 52 53 57 59 62 64 68 70 71 72 73 75 76 78 79 84 86 87 89 90 91 92 95 96 97 100 104 105 106 110
6 9 13 20 21 23 25 27 30 31 35 36 37 38 42 45 46 50 56 59 62 63 66 70 71 73 74 78 79 80 84 85 86 87 88 89 90 98 99 102 103 105 106 107 110
1 2 3 6 7 8 16 18 25 27 29 32 33 34 35 37 40 41 44 46 47 50 51 53 54 55 60 63 64 66 70 71 75 78 81 82 84 86 88 89 90 91 95 96 101 104 107 108
2 3 4 5 6 12 13 14 16 17 19 22 25 27 31 35 36 39 42 43 44 48 51 52 55 56 57 59 62 65 67 70 72 74 76 81 83 85 87 88 92 93 98 104 105 108 111
1 2 3 5 8 11 13 14 18 19 20 21 22 24 29 31 32 34 38 40 41 44 49 57 62 64 65 66 67 68 69 70 76 77 82 84 86 87 88 90 91 92 94 96 97 99 101 102 106 111
1 4 7 8 12 14 15 16 18 19 20 22 23 25 26 27 28 33 35 36 39 40 44 47 48 49 51 57 58 62 64 66 67 68 70 72 74 75 76 77 78 80 83 86 88 89 90 92 93 94 98 100 101 105 108 110
2 3 6 7 10 11 12 15 17 18 19 20 21 24 30 31 32 33 35 36 37 38 39 40 42 44 45 50 54 56 57 58 60 63 65 67 69 71 72 76 78 79 85 86 87 90 91 93 97 98 101 103 105
1 3 7 8 10 11 17 18 22 26 29 31 36 38 39 40 41 45 46 47 48 49 50 51 52 56 57 61 65 67 68 70 73 76 77 79 81 83 84 87 90 93 94 97 101 102 104 105 106 111
1 4 5 6 8 12 13 16 17 19 20 21 26 28 30 32 34 37 38 40 47 48 49 53 54 56 57 58 59 63 67 68 69 74 82 87 88 91 92 95 96 98 101 103 104 106 107 109 110
1 2 5 7 8 9 12 14 18 25 26 32 34 40 41 45 47 48 49 51 53 55 56 57 60 65 67 68 69 75 76 77 78 80 81 83 84 88 90 92 95 96 98 100 101 102 105 111
2 7 8 10 13 14 15 19 21 23 25 28 29 31 32 34 35 36 37 38 41 42 49 50 52 54 56 57 58 59 60 61 64 69 73 74 75 76 78 79 81 82 84 86 89 90 91 92 93 94 97 98 102 104 106 107 110
1 8 9 11 12 16 17 20 24 26 27 28 29 30 31 33 37 38 42 43 46 48 49 52 53 55 57 59 60 61 63 68 69 73 76 77 78 79 80 82 84 88 89 93 94 96 97 100 101 102 103 104 105 107 108 110 111
1 4 6 9 10 12 16 18 24 27 28 29 30 33 35 37 39 40 41 42 43 44 45 46 47 49 52 55 58 59 60 62 64 65 66 68 69 71 74 77 78 79 80 81 82 84 87 89 90 92 93 95 96 97 101 102 103 107 108 111
1 7 8 11 16 17 19 21 23 25 26 37 39 49 50 51 52 63 64 66 67 69 70 71 77 79 80 81 82 83 87 90 91 93 94 95 96 99 103 109
2 3 4 7 9 11 12 13 16 19 21 23 25 26 27 29 31 33 37 44 47 49 50 53 54 57 58 59 61 65 69 70 71 72 76 79 80 84 85 87 89 90 92 93 95 96 97 101 102 103 104 108 109 110 111
1 4 5 7 9 10 11 15 17 20 25 26 30 31 36 38 43 44 45 46 47 49 51 56 63 65 75 76 78 80 81 83 88 89 91 93 97 100 102 107 109 110 111
1 2 3 4 6 8 9 11 12 13 15 16 17 20 24 31 32 35 36 37 38 40 43 49 50 53 54 55 62 63 64 65 67 70 71 74 75 77 80 81 82 86 87 88 89 90 92 97 98 101 102 107
2 3 5 9 10 11 13 14 16 19 21 25 26 28 29 30 34 35 37 39 40 43 44 45 46 47 51 58 59 62 65 66 67 70 72 73 75 77 78 79 81 82 84 85 86 89 92 94 97 99 100 101 103 108 109 111
2 3 5 6 7 8 13 14 15 16 17 18 19 25 26 35 38 40 41 42 43 44 46 47 48 49 51 54 57 60 62 63 70 71 74 77 79 83 86 88 90 91 92 101 102 103 104 106 108 110
2 4 5 6 7 10 13 14 16 17 18 19 22 26 27 28 29 30 31 32 34 35 36 40 43 45 47 49 50 52 53 55 57 62 63 66 67 68 69 70 75 76 77 82 84 85 86 87 88 89 91 92 96 97 99 102 104 105 106 111
