3 4 5 6 7 8 10 11 12 13 15 17 18 20 22 24 25 27 28 31 32 33 34 35 36 37 38 39 41 43 48 50 54 56 57 58 59 61 62 63 67 68 69 70 71 72 73 75 78 79 80 82 83 84 85
1 3 4 7 8 9 10 11 13 14 15 16 18 19 20 21 22 23 25 29 31 35 39 40 41 43 45 47 48 49 50 51 52 53 54 56 57 60 61 63 64 66 67 71 73 74 76 77 82 84 85
3 4 6 11 12 14 15 17 18 21 22 25 27 28 29 31 32 33 34 36 37 38 39 41 43 45 54 56 57 58 59 60 61 63 67 69 70 72 74 75 76 77 79 80 81 82 85
2 5 6 7 8 11 12 13 15 16 19 20 21 22 23 25 26 28 29 31 32 33 34 35 36 41 42 48 51 52 56 57 58 59 60 61 63 67 68 69 72 74 75 76 78 80 83 84
1 2 3 4 5 6 7 11 12 14 16 17 18 19 21 22 25 26 29 30 31 32 33 34 35 36 37 38 39 40 42 43 44 45 48 49 50 52 55 58 61 62 64 65 66 70 71 72 73 74 75 76 78 79 80 81 83
1 2 5 6 8 10 15 16 17 19 20 21 22 23 25 27 28 29 32 33 35 38 39 40 43 45 46 47 49 50 51 52 53 54 55 58 59 60 61 63 66 67 68 69 71 72 77 78 80 81 82 83 85
1 2 6 7 9 10 11 15 19 23 24 25 27 30 31 34 35 37 38 39 40 42 46 48 51 52 55 56 57 58 60 61 62 64 66 68 69 70 71 72 73 74 75 77 78 79 80 81 84
1 2 5 8 9 10 12 14 17 19 22 24 25 28 29 30 32 33 35 36 37 38 39 41 43 45 46 47 48 51 52 54 55 56 57 58 61 63 64 66 67 68 75 78 85
1 2 3 5 8 9 10 11 13 14 15 16 18 22 24 26 27 31 32 33 34 35 37 38 39 41 42 44 45 48 50 51 54 58 59 60 62 63 64 65 66 68 69 70 71 72 74 75 76 77 79 82 84
2 4 7 8 9 10 11 13 15 17 18 19 21 25 29 30 34 35 37 38 40 41 43 45 46 48 51 53 57 58 59 60 65 66 67 68 72 74 75 78 81 83 85
