1 3 4 5 6 9 11 14 19 20 21 23 25 27 28 37 41 42 46 48 50 53 57 58 59 62 63 64 65 66 67 70 71 72 75 78 79 81 82 86 88 89 90 92 93 98 99 100 101 104 105 106 107
1 2 6 7 8 9 11 16 17 21 23 24 25 27 28 30 32 33 35 44 46 48 51 56 59 64 65 67 69 75 77 79 80 81 82 85 86 88 89 91 95 96 97 98 99 100 101 102 104 105 108
1 2 4 7 8 10 11 12 13 17 19 22 23 29 36 38 42 43 49 50 51 52 53 54 60 61 62 66 67 68 75 78 79 82 85 87 94 99 100 104 105 106 108
2 3 7 13 14 18 19 21 23 25 26 27 28 30 33 35 37 40 51 52 53 55 56 58 60 61 62 65 66 68 70 71 72 76 79 80 81 83 84 87 93 98 102 105 109
3 5 9 11 12 13 14 17 18 20 23 25 26 28 33 40 42 43 44 46 48 52 53 56 58 65 69 70 71 72 74 75 76 77 80 81 82 85 86 89 92 95 97 98 99 105 107 109
1 2 5 8 9 12 16 17 19 20 21 22 23 24 26 28 29 31 32 34 36 40 43 45 46 50 53 54 55 56 57 63 65 67 68 69 70 76 77 79 82 83 85 86 88 97 100 101 103 104 105 107 108
1 4 5 6 8 9 12 15 16 17 18 21 24 27 28 30 31 34 36 39 42 44 48 54 55 56 62 64 65 66 71 72 73 76 78 80 82 84 87 89 91 92 94 95 97 98 101 102 103 108
1 3 4 6 7 8 10 16 17 19 23 25 26 27 29 30 33 36 38 39 40 41 42 43 50 63 64 67 71 72 74 75 78 79 80 82 83 89 91 93 95 98 104
1 2 6 7 9 11 13 16 19 20 21 23 25 26 27 36 37 42 43 47 52 55 56 58 61 63 65 66 67 68 71 74 79 80 81 86 88 89 90 93 98 99 102 104 107 108
6 7 11 12 13 15 16 19 20 21 22 24 26 27 31 33 36 38 40 41 43 44 46 49 51 58 61 67 71 79 80 81 82 83 84 85 86 88 90 96 99 103 104 106 107 108
2 3 5 6 11 12 13 14 18 20 21 22 25 28 29 30 35 37 38 39 40 44 45 50 51 52 54 57 59 63 64 65 66 68 70 71 73 74 75 76 78 80 81 84 86 88 91 93 94 95 96 100 103 108
3 8 10 12 13 14 16 18 20 21 23 24 25 28 29 31 32 34 36 41 43 44 45 47 50 51 55 56 60 65 66 68 71 72 76 77 78 80 81 84 86 87 90 91 92 95 96 98 99 101 102 103 104 105 106 109
1 2 5 12 14 16 17 20 21 22 25 30 32 34 38 39 41 45 47 48 49 50 52 53 57 58 59 61 65 66 67 68 69 70 72 75 78 79 80 82 83 85 88 91 93 96 97 98 99 100 102 103 104 105 107
3 4 7 8 9 16 17 18 19 22 24 26 28 32 35 36 40 42 43 44 48 49 50 52 53 55 57 58 59 60 61 63 65 67 69 74 78 83 85 88 89 92 94 95 96 99 100 101 102 104 106 109
1 2 3 5 8 9 11 14 15 18 19 23 24 28 29 32 33 40 41 46 47 50 55 56 57 59 65 69 70 71 73 76 79 81 82 84 85 87 89 90 91 92 95 96 101 104 106 107 108 109
2 3 4 6 7 8 11 13 16 17 18 19 20 21 22 26 27 29 30 31 32 34 36 37 38 39 41 43 45 47 50 53 54 58 61 62 63 64 71 73 74 75 82 83 88 89 91 92 94 98 99 100 103 104 105 106 107 109
1 2 4 8 9 12 13 16 17 21 22 23 25 26 27 29 34 41 42 46 51 52 53 60 61 63 66 74 75 76 77 79 80 81 86 87 88 89 90 94 96 103 104 105 107
1 2 4 5 6 7 13 14 15 16 20 21 25 27 28 29 33 38 39 42 45 46 48 49 50 51 55 58 61 62 65 66 68 72 73 74 76 78 79 81 87 89 90 91 92 94 95 97 98 100 103 105 106 107 109
2 3 7 10 15 16 17 18 21 23 27 29 30 31 34 39 40 41 42 43 47 48 51 52 53 56 58 60 62 64 66 67 73 74 76 78 80 81 82 84 86 88 91 97 98 102 104 105 106 109
2 3 15 16 18 20 22 23 24 25 26 27 29 30 33 36 38 40 44 45 46 47 48 49 50 51 54 55 59 60 61 62 66 71 73 74 77 78 81 83 89 90 91 95 96 98 101 102 106 108
1 3 5 6 7 9 10 12 16 17 18 20 21 23 24 25 27 28 29 30 33 35 36 42 47 48 49 51 52 56 57 59 61 62 64 66 68 73 74 76 77 79 81 85 87 88 92 93 96 98 100 101 103 105 106 108 109
1 4 5 6 10 11 13 15 17 18 19 23 24 25 27 32 33 35 37 40 44 45 46 52 54 56 57 58 60 64 65 67 68 72 73 76 78 79 81 82 84 90 91 92 93 96 98 99 101 102 104 106 107 109
2 5 6 13 18 19 24 30 31 32 35 36 37 38 40 41 42 43 44 47 51 53 55 56 58 60 62 64 67 68 69 70 71 75 77 82 83 85 88 93 94 96 97 98 102 105 108
4 5 6 7 11 12 13 16 17 18 20 21 22 25 26 28 29 30 31 34 41 43 44 45 47 48 49 50 55 56 58 61 63 65 67 70 71 74 77 78 79 81 82 83 85 86 89 90 91 94 95 97 102 105 106 107 109
1 2 3 6 8 9 12 13 15 19 23 24 27 28 30 34 35 36 37 40 43 47 48 49 51 53 58 59 60 62 64 65 67 68 72 73 74 75 76 77 80 81 82 86 87 89 91 94 95 97 98 101 104 109
1 2 3 4 7 8 11 12 13 14 17 18 20 28 30 34 35 36 39 44 45 48 51 53 54 58 60 61 67 68 70 71 73 74 75 78 80 83 87 89 92 94 96 97 98 99 100 101 103
2 6 8 10 12 13 15 16 17 18 20 21 22 24 27 29 32 33 34 36 37 38 40 41 43 46 49 50 53 54 59 61 63 64 70 73 74 76 79 80 87 89 90 91 92 93 96 99 100 102 103 104 105 106 107 109
1 3 4 5 7 9 10 12 13 16 17 18 21 26 28 30 34 35 38 41 42 45 46 50 52 53 54 57 58 62 63 68 73 76 77 78 79 80 82 83 89 90 97 99 101 105 106 107 108 109
2 3 6 7 8 10 12 13 14 17 18 19 21 24 25 28 34 35 36 37 39 41 46 50 51 53 54 57 59 60 61 63 64 65 67 68 70 74 76 78 79 80 81 82 84 90 92 97 99 102 103 106 107
7 8 9 12 14 15 17 19 20 21 22 23 24 26 27 29 32 34 35 41 42 43 45 46 47 51 53 54 55 56 58 59 60 61 62 65 66 69 71 75 77 81 83 84 88 89 91 92 96 102 105 107
6 7 8 12 13 14 15 16 20 22 23 24 25 26 29 32 33 36 37 40 41 43 47 48 50 52 54 55 56 58 59 62 64 66 68 69 70 71 76 77 79 81 83 85 86 87 88 90 95 101 103 104 108 109
1 2 4 9 11 12 14 15 19 20 25 26 29 33 35 37 39 40 41 43 48 49 50 51 52 53 54 60 61 63 66 67 68 69 70 74 77 81 85 86 88 90 99 102 103 104 105 107 108
1 2 3 7 8 9 10 11 14 15 18 23 25 32 33 34 35 37 38 39 42 43 45 46 47 48 49 53 56 57 58 60 62 63 64 65 66 72 73 74 78 79 81 82 86 88 92 93 99 100 101 105 107 108
1 3 6 7 11 12 14 15 17 18 20 23 32 34 36 37 38 42 43 44 47 48 49 50 51 52 54 55 57 61 63 66 72 76 77 80 81 83 84 90 92 93 94 95 96 101 103 106
2 5 7 9 11 12 14 16 18 19 20 21 22 25 27 31 32 33 36 38 39 40 42 46 47 49 54 57 58 59 60 66 69 71 72 75 76 78 79 82 83 89 94 97 101 104 109
2 4 6 8 11 13 14 20 22 24 25 28 33 35 36 37 39 40 44 47 52 54 56 58 59 60 63 64 66 67 68 70 71 74 75 76 77 79 81 82 83 85 87 89 90 94 95 100 101 106 107
2 4 16 20 21 22 28 31 32 33 36 37 38 41 43 44 46 47 48 51 55 56 57 60 61 63 69 71 72 73 74 75 76 78 79 80 86 87 89 90 91 96 97 100 101 108 109
1 5 8 9 10 12 14 17 23 25 26 27 28 29 31 33 37 39 40 42 43 44 47 49 50 52 53 58 60 61 62 63 64 74 76 77 79 81 84 85 87 91 93 94 96 97 98 102 103 105 106 108
7 8 11 12 14 17 19 20 22 26 27 28 30 33 34 38 40 41 43 44 46 47 48 49 53 54 56 58 59 61 63 65 71 75 76 77 80 82 86 88 89 90 91 93 96 97 102 103 104 106 108 109
1 2 4 8 9 12 14 15 17 18 24 29 30 34 35 37 39 42 43 46 47 49 55 57 58 60 63 65 66 67 68 69 72 73 74 75 76 79 80 81 82 83 86 91 96 100 106 109
2 3 5 9 10 11 13 16 17 18 26 27 28 29 30 33 34 35 38 40 42 44 45 48 49 51 52 53 56 64 65 66 67 68 69 70 72 77 78 81 82 83 86 87 88 89 90 92 96 97 99 100 103 105 106 107 108 109
1 2 3 5 6 9 10 13 15 16 17 18 19 20 21 23 24 26 28 31 33 36 39 42 43 47 55 56 58 61 64 65 69 71 73 74 76 77 79 80 84 92 93 94 95 100 102 105 107 108 109
2 3 5 8 9 10 11 13 16 17 18 20 21 22 24 25 26 30 34 39 50 53 54 58 59 70 71 73 76 80 81 83 85 86 88 90 93 96 97 99 100 102 105 106 107
7 10 11 16 17 18 19 21 24 26 27 30 31 32 33 34 36 39 40 45 46 47 48 50 51 52 53 54 55 58 59 63 64 65 73 74 76 77 78 81 83 84 85 87 90 92 94 97 99 101 107
1 2 3 4 5 8 11 12 17 22 23 24 25 26 28 29 30 31 33 35 36 39 41 43 46 49 50 51 52 54 55 60 62 63 64 65 66 69 71 74 76 77 80 81 82 85 86 89 91 96 99 100 102 104
3 5 6 7 11 12 14 15 16 17 19 20 21 26 27 28 30 32 34 35 36 37 45 47 48 49 52 54 57 58 61 63 64 67 68 73 74 77 79 81 82 83 84 85 86 87 92 93 95 96 99 104 106 107
1 3 4 8 11 12 13 15 19 20 23 26 27 28 33 37 39 40 42 46 50 51 53 57 58 59 60 65 66 76 77 82 83 87 90 92 93 96 97 99 101 102 103 108 109
1 4 5 6 8 11 13 14 15 16 19 24 25 27 28 29 30 31 34 35 36 41 43 47 49 50 51 53 54 56 57 58 65 67 73 75 78 79 80 86 92 98 99 104 106 108 109
2 6 7 10 12 13 16 18 19 21 26 27 32 34 36 37 38 45 49 50 53 56 58 60 62 63 66 69 70 71 75 76 77 80 83 85 87 88 89 90 91 94 95 96 97 98 100 101 102 104 108
2 3 5 9 14 16 18 19 20 21 23 25 27 29 30 33 35 40 41 42 45 49 50 53 56 59 62 66 68 74 76 80 81 86 87 90 92 93 94 95 96 98 99 101 103 104 105 107 109
5 7 8 9 11 12 13 14 15 17 19 24 25 26 31 32 33 35 38 39 41 44 46 48 51 53 54 59 62 67 71 73 77 79 82 85 86 89 90 91 92 94 96 102 104 107 109
1 2 3 6 7 12 14 16 18 19 21 27 28 29 30 31 33 34 36 37 38 40 41 42 49 52 53 54 56 57 60 61 62 65 66 68 69 71 74 77 78 80 82 87 88 89 93 96 97 98 102 103 106 107
3 4 5 6 9 10 15 17 19 21 22 24 25 26 27 31 32 33 35 36 37 38 43 44 45 46 47 56 58 59 60 61 63 64 65 67 68 69 72 76 77 78 81 83 85 92 94 97 98 100 102 105 106 107 109
4 6 15 16 18 21 22 23 26 27 29 31 32 35 37 38 41 42 43 44 45 46 48 49 51 54 55 57 58 60 61 64 69 71 72 73 74 75 77 78 79 89 90 91 93 95 96 97 100 102 103 105 106 109
