1 5 7 9 12 13 14 15 16 17 18 19 20 22 23 24 25 27 28 29 30 31 32 34 38 41 43 44 45 49 50 52 53 54 55 56 57 59 60 61 63 65 66 67 69 70 72 73 74 75 76 77 78 81 82 83
2 3 4 5 8 9 10 11 12 14 15 16 17 19 21 24 25 29 30 31 32 33 34 36 38 39 40 42 43 44 46 47 48 50 53 55 56 57 58 59 61 63 64 65 66 67 68 69 70 71 73 76 77 78 79 83
1 2 3 4 5 6 7 8 9 16 17 19 20 21 24 25 27 28 31 33 34 36 37 39 40 41 42 43 44 45 47 49 50 51 53 54 55 56 57 59 60 62 63 64 65 66 67 68 70 75 76 77 78 83
1 2 3 4 6 9 10 14 15 16 18 21 23 24 25 26 27 29 30 31 34 37 38 42 43 44 45 46 47 48 50 51 52 54 57 58 62 63 64 66 67 68 69 71 75 76 78 79 83
4 5 6 7 8 9 10 11 14 15 19 22 24 25 26 27 28 29 38 39 40 42 43 44 45 46 47 48 50 53 54 56 61 65 66 67 68 69 70 71 72 73 74 76 78 79 81 82
2 3 5 6 7 12 13 14 16 18 19 22 23 25 27 28 31 34 36 38 39 41 43 44 45 46 47 48 51 52 54 55 56 58 60 61 62 65 69 72 73 75 77 79 80 81
1 2 5 8 10 14 18 19 20 23 24 27 28 29 31 33 35 36 37 38 40 41 47 48 49 50 51 53 56 57 59 60 61 62 63 64 65 66 68 69 70 71 72 73 75 77 78 79 82
1 4 6 8 9 10 11 12 14 15 18 19 22 25 27 31 33 34 35 37 41 44 46 48 51 52 53 55 56 57 58 61 63 64 65 66 67 68 69 71 73 74 75 79 80 82 83
1 3 6 7 8 9 10 11 15 20 22 23 27 29 30 32 34 38 39 40 41 43 44 45 46 47 49 52 55 56 57 58 59 63 64 67 68 70 72 73 75 76 78 80 82 83
2 5 6 7 8 9 10 11 12 13 15 17 20 21 22 26 28 29 31 32 33 36 37 40 41 42 43 44 45 46 47 49 50 51 52 57 60 61 62 63 66 67 69 70 71 73 74 77 78 79 81 83
