20 21 23 26 32 53 59 61 62
2 7 17 31 46 48 56 57 63
5 8 20 35 45 49 51 61
19 21 30 32 38 41 54 55 58 65
1 4 6 14 16 20 22 31 42 45 53 54 57 58 61 62
3 4 6 8 9 11 15 19 28 30 32 35 60 65
21 34 43 44 53 59 63 65
2 3 4 8 16 26 31 32 36 40 43 44 45 56 58 63
5 10 11 26 28 32 40 41 43 46 56 60
4 5 8 9 15 20 26 27 30 32 35 37 43 44 46 55
40 50 57
1 7 11 18 20 22 26 27 29 30 34 41 52 59 61
1 6 10 18 19 25 28 29 31 32 36 46 47 53 54 61 62 65
4 15 23 37 39 42 44 50 51 57 60
3 45 47 55 62
6 7 12 15 20 35 47
1 4 7 13 15 18 19 22 26 29 35 37 38 39 41 42 53 55 64
4 17 20 28 38
4 8 20 29 31 42 59 62
4 5 9 11 15 20 21 26 36 38 42 43 44 49 56 58
3 5 9 17 28 30 37 40 41 48 53
5 6 12 15 33 34 35 41 52 58
1 2 5 17 35 42 43 54 57 65
2 4 13 15 19 27 36 40 44 48 49 54 57
1 3 7 11 16 18 34 37 38 44 63
1 3 4 8 21 27 31 32 39 40 42 43
5 8 15 20 41 42 46 47 50 51 53 61 62 64
3 9 13 25 27 28 31 39 40 42 44 48 54 55 57 62 64
9 11 19 35 40 41 49 58 61 62 64 65
1 4 15 25 27 33 34 37 41 47 55 61 65
8 14 21 25 28 40 41 47 54 56 62 64
5 9 15 16 19 27 35 38 42 45 48 50 53 55 57 59
4 12 17 31 35 43 62 63
28 33 36 38 53 55 62
18 25 36 41 51 52 55
3 5 24 29 30 35 39 52
