9 21 23 24 26 29 49 60 64 65 70 71 72 79 89
5 7 22 31 36 92 95
1 15 53 59 62 82 83 90 96
24 39 55 77 81 87 93
23 47 49 54 67 82 86 91 97
2 7 8 9 24 45 52 62 68 93
5 14 17 21 30 32 40 47 50 61 63 64 67 78 84 92
6 8 13 14 17 32 41 63 67 77 94
13 20 31 37 43 63 68 75 90 91
2 5 11 14 18 20 29 43 61 69 71 77
7 10 11 13 15 25 30 34 35 40 48 54 77 87 94
8 15 20 22 31 34 35 36 39 40 46 64 68 72 74 84 87 93
1 4 16 27 28 32 35 61 65 70 74 82 94 95
14 15 16 36 63 77 85
4 6 43 51 62 84 89 90
13 17 34 38 48 50 54 58 65 69 76 81 85 87 88 90
10 17 26 37 48 49 51 53 67 73 77 79 87 90
10 12 13 17 20 23 27 28 31 33 39 43 47 57 63 75
5 7 8 27 39 42 43 44 53 63 64 79 84 89 90 97
12 20 22 25 27 33 43 45 47 52 58 78 80 90 95
9 10 13 23 25 54 56 63 71 82 90
40 55 70 76 91 93
4 12 27 60 62 63 73 81 83 94
9 36 39 58 61 65 74 77 81 90 91 95
5 9 14 26 48 52 53 59 61 63 64 77 80
2 7 13 18 24 27 29 34 37 45 46 50 59 71 78 86 92
5 10 12 33 59 89 96 97
22 30 37 63 78 87 96
3 7 67 82 85 86 97
8 37 56 89 91 95
3 4 9 11 41 44 57 65 89 92 95
15 23 25 53 57 65 70 75 84
2 25 29 31 44 57 75 88
4 5 6 20 24 25 27 33 34 43 51 82 87 91
3 14 20 23 24 30 52 63 68 77 83 93 96
2 17 28 30 31 40 48 50 73 74 77 84 91
2 5 12 15 16 40 41 47 48 53 74 76 77 87
15 17 24 29 39 41 48 53 91 94 97
20 28 32 43 46 51 54 84 94
1 18 26 42 54 57 64 67 80 84 88
16 29 41 48 61 68 80 81 94
40 82 84 93 97
6 12 17 65 75 78 95
10 13 14 23 31 35 41 43 45 46 53 57 72 81 87 88
57 66 68 74 90
17 53 58 73 76 90 91 93 94
8 20 52 54 61 67 76 82 97
2 21 22 24 29 31 58 69 73 74
7 11 13 31 53 64 70 87 93 94
1 7 11 17 30 75
21 33 40 46 51 61 66 70 93
18 35 36 37 41 45 46 57 67 70 72 76 82
8 27 37 46 48 49 53 57 59 69 79 80 88 90
1 5 7 22 23 31 35 47 48 52 70 90
2 8 15 19 28 30 34 35 45 49 52 62 64 68 71 72 77 78 81 95
