33 34 39 46 51 52 63 64 76 77
5 6 11 15 21 23 29 31 33 38 39 40 43 45 46 49 53 54 56 57 66 79
1 5 8 12 13 16 23 29 37 38 52 54 57 63 65 79
1 8 9 10 15 19 24 41 42 44 56 59 64
35 38 40 52 58 78
11 17 21 27 33 43 52 56 58
4 6 7 9 14 15 20 27 39 40 41 56 70 73 78
18 25 28 38 44 47 54 57 72
17 18 19 20 36 38 57 75 76 80
1 3 4 10 50 55
5 7 19 24 25 29 30 31 32 36 38 50 53 54 57 61 63 72 77 78
2 12 13 15 19 28 38 40 49 53 73
3 23 27 31 41 43 50 51 54 56 59 60 65 79
7 17 23 29 45 50 52 53 58 60 62 66 70 76
3 9 16 17 18 28 29 44 46 51 55 57
8 16 17 20 22 28 32 39 45 61 63 73 74 78 80
7 25 28 29 46 49 56 57 61 63 66 69 75
3 6 13 30 35 41 42 44 46 57 63 65 68 78
10 15 17 20 48 52 55 70 74 75 76
9 36 37 39 49 52 53 57 62 63 70 72 76 77
8 13 15 35 36 44 59 63 67 72
2 18 33 46 47 50 51 56 59 73
1 13 23 24 35 64 69 72 75
1 6 10 12 17 18 19 33 39 55 60 61 65 66
4 6 10 12 23 39 42 44 52 77
7 13 20 25 41 45 48 59 65 75
2 5 11 14 17 19 25 31 40 43 51 63 68 70 72
4 5 13 29 31 36 57 66 75
11 18 19 23 25 28 35 45 54 57 59 60 62 63 64 78 80
1 32 49 50 60
6 11 17 28 29 34 50 58 61 66 71
1 2 3 22 23 41 49 52 53 66
55 61 67 70 78 80
7 8 12 30 43 45 55 59 63 72 79
4 9 11 14 16 25 27 35 36 39 40 50 59 61 70 72
15 27 29 32 39 44 47 57 59 61 68 80
10
1 7 28 31 47 49 75 79
2 4 11 13 26 27 40 46 47 52 70 71 73 80
