1 3 9 10 34 38 41 49 64
6 13 40 46 54 82 89 96 99
11 27 61 73 78
5 33 54 55 57 59 62 67 82 101
3 4 8 47 50 57 61 81 100 106
8 15 17 38 40 51 67 72 83 89 90 97 104
7 8 18 24 26 28 39 43 46 58 86 91 103 107
21 24 26 32 42 48 60 69 70 88 94
12 17 18 28 30 51 62 68 85 96 100 106 107
4 9 28 30 35 46 53 56 67 71 72 74 82 88
6 12 15 23 25 33 35 76 86 94 100 107
9 26 31 47 53 61 64 66 69 74 77 87 89 96 99 104
11 16 22 25 29 40 48 71 73 77 78 90 94
16 22 33 35 38 47 51 52 53 60 63 69 74 81
10 16 25 31 44 53 59 60 63 64 74 90 101 104 107
5 9 19 23 50 71 76 94
7 9 21 24 29 35 62 68 73 96 97 103 106
4 7 17 23 25 35 48 55 57 68 75 81 84 85 93
6 7 18 22 35 37 41 48 55 73 83 90 94 97 103 104 106
7 9 12 19 22 23 29 33 37 67 87 89 99 104
7 12 13 35 37 40 45 53 59 69 75 86 88
1 11 65 73 84 88 90 97 100 103
5 12 28 44 70 80 89 99
18 25 33 39 41 57 63 64 67 70 78 79 80 92 97
3 12 20 28 29 30 49 53 57 72 73 75 88 105
5 7 9 12 13 22 23 36 48 49 60 63 66 67 69 73 91 102
1 12 33 51 54 66 82 91 95
4 5 6 14 26 29 51 91 94 95
12 13 16 35 36 60 65 67 71 79 80 104
15 21 36 37 44 69 75 86 95 98
5 27 35 38 41 45 47 53 56 65 86 87
6 42 46 65 73 105
3 5 6 7 9 31 35 40 54 58 61 74 83 86 88 93 101
9 18 24 28 40 51 54 71 76 81 82 92 97 100 106
12 33 46 50 59 77 83 94
3 26 28 32 36 48 49 50 52 56 58 70 85 87
5 6 19 20 22 29 35 49 50 67 93 95
15 16 19 26 29 41 49 62 88
9 14 27 92 96 106
5 7 21 49 52 53 59 76 77 83 99
40 61 68 98
15 21 26 51 58 94 103
6 9 12 17 18 25 38 41 44 53 61 68 76 80
53 63 84 91 96 102
1 4 13 16 18 22 28 37 39 46 55 57 61 65 66 67 71 100 104
1 32 34 35 51 93 106
17 29 40 92 98
10 28 62 63 79 80 87 91 105 106
1 3 4 24 25 41 43 58 61 62 67 80 105
21 26 39 58 71 79 91 93 103 107
8 23 28 38 43 51 68 70 78 92 97 104
2 5 9 12 14 16 23 27 30 33 39 52 59 67 70 88 92 98
