5 19 25 52 87 93
8 9 11 24 28 29 30 33 34 38 61 74 88 91 102 104
1 23 24 27 31 34 37 38 40 51 73 85 86 91 99
2 7 8 12 16 19 20 49 50 54 65 66 75 97
15 39 56 58 59 64 68 69 75 85 89
13 21 25 34 72 73 92 102
7 16 19 31 37 39 47 48 49 51 56 60 64 69 72 83 90
1 22 37 42 53 58 62 63 71 73 84 85 88 92 93
32 57 59 62 92
8 27 41 54 55 56 57 62 72 82 96
1 5 14 18 23 29 30 32 35 42 55 63 78 79 81 94
10 29 30 32 37 43 45 58 61 77 99
3 4 8 19 31 36 42 55 67 75 78 84 94
13 16 18 20 23 24 27 39 42 43 63 64 75 80 93 99
5 8 15 36 37 46 48 50 52 68 70 77 100
7 12 23 26 59 61 88 91 97
1 9 23 28 35 39 44 59 61 64 90 96
5 10 12 17 19 33 46 49 51 72 76 91 95 97 98
6 33 38 57 68 80 87 91 92 97 99 104
30 39 43 52 58 71 72 75 79 87 93
13 20 31 36 43 75 89
8 9 14 61 72
5 17 29 48 61 100
6 22 23 30 34 38 42 43 52 57 64 68 74 80 95 101 102 104
17 30 47 53 57 89 92 96
18 31 51 91
35 40 63 96 100
11 44 48 54 57 76 89 90 101
4 16 32 43 69 72 77 90
2 3 4 8 20 34 36 41 50 52 57 58 65 82 86 89 90 95 100
11 13 22 30 41 46 50 62 67 70 72 88 89 90 97
3 10 16 22 30 37 40 52 59 68 78 85 89 97 98 104
29 44
23 29 60 65 79 86 91 96 102
6 22 23 24 25 31 35 44 50 51 55 73 91 94 104
7 8 25 34 48 49 63 69 77 96 101
3 19 33 37 60 64 77 88 93 97
7 26 32 35 48 62 77 104
4 25 26 49 50 51 84 99
9 10 21 28 29 52 58 65 73 85
6 16 33 34 41 42 48 49 64 66 70 73 77 92 103
