4 7 8 13 14 28 39 52 56 67 68 76 81 87
6 7 21 31 48 57 72 73
15 16 18 23 26 38 51 52 55 57 71 73 84 91
18 60 91
2 21 23 25 36 39 44 48 55 66 76 78 87 88
15 16 17 31 35 43 57 61 73 91
8 14 33 39 43 51 73
6 22 28 40 57 71 73 78 86
16 18 34 35 40 50 60 69 80
15 18 22 31 35 53 63 69 89 90 91
8 9 10 13 17 18 21 40 82 91
17 21 25 40 44 50 51 56 59 60 63 68 87 91
12 15 18 19 21 22 24 26 28 31 32 33 41 44 49 54 57 58 70 72 76
9 10 15 16 23 25 45 56 66
1 48 60 62 76 77 79 87 88 92
2 25 27 46 64 72 90
4 15 30 37 40
2 5 50 76
3 15 19 22 25 32 34 37 42 44 49 81 84 86
9 27 31 39 49 70 81 83 88
8 12 13 22 30 47 52 53 65 66 68 76 81
15 19 32 43 44 50 58 64 67 69
61 66 68 79
6 7 38 58 60 74 76 80 81 86 89 90
20 27 32 34 36 41 47 56 88
4 6 11 14 16 55 56 63 77 91
19 35 48 52 56 64 65 75 77 81 87
8 10 12 16 23 27 29 43 56 68 74 82 84
2 8 14 37 45 69 76 78 81 82
8 28 32 41 42 49 52 57 79 88
1 9 68 81
8
3 6 10 27 31 37 46 49 51 56 76
1 10 15 19 21 28 31 34 37 45 49 61 73 79 90
23 24 39 43 44 53 62 69 75 78 79
4 14 36 44 59 64 66 75 76 83 88 92
16 34 40 46 61 62 80
3 5 7 16 21 35 36 37 45 54 59 67 76
2 5 6 13 17 25 26 29 31 38 41 50 52 65 69 79 84
10 13 26 32 49 58 74 75 80 92
6 12 14 21 49 62 78 79 86 91
9 41 43 53 56 62 67 75 81
8 11 20 22 36 45 46 51 52 53 56 59 60 65 68 89
1 3 6 23 25 32 46 49 50 60 65 72 73 90
2 4 8 10 13 15 23 24 45 51 68 73 87
9 32 42 64 68 92
4 5 12 22 32 36 45 48 60 65 80 85 87
