9 20 28 36 37 51 61 77
1 5 9 19 34 37 43 47 57 63 64
6 19 24 32 41 44 46 50 51 65 68 76
11 19 32 45 56 63 69
6 9 19 39 44 46 47 48 61 64 69 74
6 12 22 24 28 30 33 34 35 43 46 56 58 73 76
7 8 17 21 23 24 37 39 45 46 53 67 71 72 73 78
1 9 12 13 15 16 20 24 28 29 31 36 38 43 53 54 55 77
3 5 7 23 26 38 49 53
7 12 13 43 44 53 58 68
1 4 6 10 34 43 48 52 74
1 8 16 40 46 51 54 55 58 64 73 74
10 12 17 23 29 46 51 52 53 55 67 68 71 75
1 3 13 21 22 37 38 46 47 54 56 66 78
2 5 16 17 22 26 27 30 33 39 42 43 45 48 51 53 60 71 74
6 9 13 14 19 27 35 39 40 56 58 59 60 64
4 12 15 22 27 29 34 41 43 50 57 60 64 77
4 11 15 21 39 44 47 56 66 69 71 72 77
8 18 21 24 48 54 56 67 77
3 7 8 10 21 36 41 45 46 54 57 69 72 77
17 21 24 29 30 31 32 34 45 49 56 59 71 73
4 6 60
22 30 31 32 33 44 47 48 49 50 51 59 66 69
6 7 12 13 28 32 40 53 58 63 65 71 74 78
6 7 10 12 14 15 23 27 37 38 60 74
7 12 18 28 39 51 52 54 66 72 76 79
2 14 17 18 23 28 31 33 44 46 51 56 65 67 70 72 73
8 9 14 26 29 41 51 61 62 67 78
1 2 7 12 19 24 31 38 43 53 57 62 65 74 79
7 16 24 28 29 37 53 68 70
7 18 21 30 32 35 39 40 42 50 69 70 72 73
5 7 12 15 21 30 39 44 53 56 62 72 75
13 15 21 25 31 35 36 40 45 54 57 60 76 78
