6 13 16 19 22 25 28 33 35 37 40 51 55 58 72 75 78 85
4 28 40 53 73
3 5 12 15 20 35 56 68 78
1 3 4 8 17 22 25 26 39 42 46 49 52 58 70
25 26 52 57 77 92
28 30 54 67 96
3 11 14 30 43 63 70 71 81
5 7 11 23 43 44 53 58 69 80
4 9 13 22 31 32 39 56 63 66 68 71 82 83 88 91 97 101
1 17 20 26 46 57 65 66 68 75 91 99 100
1 9 13 17 21 24 32 39 48 62 64 65 69 78 99 100
7 20 27 34 53 55 61 62 63 76
22 44 49 52 61 64 66 67 69 78 90 100 101
17 21 48 84 98
22 69 80
2 3 35 40 46 60 70 77 79 87 89 99
14 35 47 52 63 64 86 87 92 99
19 20 29 31 37 43 48 52 54 86 88 99
3 14 26 30 41 62 66 91 100
37 38 47 82
5 13 14 15 42 46 66 75 77 86 96
1 6 11 12 21 26 33 42 51 76 83 87 89 95
8 15 19 21 25 27 36 37 54 57 61 68 69 83 86 98 100 101
16 18 25 42 55 69 83 87 92
19 27 30 43 55 56 82 84
11 15 24 63 83 86
9 32 35 52 54 57 61 72 74 75 96
4 48 49 56 64 86 88 91 98 101
22 44 45 66 92
2 15 23 26 27 39 41 49 54 55 65 69 95
11 15 16 25 31 41 51 58 72 77 78 97 98 99
2 8 12 15 18 21 36 39 41 45 46 50 56 62 66 71 80 101
7 12 13 25 35 36 38 48 77 81 83 84
1 14 19 23 33 51 69 73 75 87 93
15 16 28 29 32 44 51 67 82 90 98
13 22 23 24 25 31 38 40 50 55 56 58 64 73 76 79 82 85 90
58 59 61 67 69 89
4 7 12 19 40 47 57 68 72 74 77 101
21 42 54 91 94
15 17 32 33 39 50 63 72 85 86 92
6 7 9 11 37 40 54 61 69 74 76 101
12 16 21 26 49 77 84 85 89
10 12 15 19 29 38 62 66 77 83 88 91 100
