1 20 28 34 46 53
4 7 16 18 33 38 42 46 48 55
8 11 15 19 26 31 34 35 50 55 58 61 62 63
3 4 7 10 14 15 18 22 29 30 32 36 46 61 63
2 4 5 6 10 11 16 20 21 24 28 32 38 39 41 43 47 56 61 62
10 14 19 24 33 36 38 39 41 43 46 51 53 60 62 63
1 2 5 8 9 15 22 29 31 33 46 48 49 51 54 55 57 60 61
10 17 21 23 24 27 36 41 62
6 23 28 31 32 33 34 36 38 40 49 55
4 5 18 20 31 36 38 40 56 61 62
2 25 29 40 57 64
11 13 19 23 38 46 58
9 13 16 40 42 44 54 60 64
17 24 28 34 53 61
10 11 13 14 19 25 28 34 38 41 52 54 60
1 5 8 9 15 16 19 23 33 37 43 51 57 62 64
1 11 14 17 34 36 38 53 57 58
10 12 14 15 26 28 35 48 57 59
6 8 10 12 21 23 30 35 36 40 41 48 49 52
2 6 8 15 17 18 20 22 23 32 36 37 41 55 58
9 16 19 20 25 27 36 40 48 52 59
17 32 43 49 54 57 61
10 19 20 22 23 24 25 26 31 32 39 40 41 42 45 47 48 53 59 62
