2 7 11 12 15 19 25 26 27 33 37 42 45 46 56 61 64
12 15 17 20 22 33 39 42 44 51 61 66 68
4 9 11 12 23 31 33 51 63 64
7 18 19 34 46 56 57 67 68
4 5 7 12 13 17 18 19 22 25 28 29 38 40 42 45 46 51 54 58 68
1 2 5 6 9 13 15 17 23 26 30 34 35 37 46 56 67 68
13 15 18 23 25 30 41 44 51 54 55
3 11 18 19 20 21 27 34 36 48 56 67
1 7 8 9 11 16 29 30 31 33 39 40 46 47 48 49 51 53 61 62
3 4 8 9 20 27 29 32 35 38 42 55
6 7 8 20 32 36 42 53 59 62 67
3 7 19 28 30 33 36 37 38 49 66
16 26 29 42 47 53 61 63 67 68
2 5 9 20 27 29 30 31 44 46 50 58 64 65
4 7 11 22 24 25 30 33 36 37 40 41 46 47 48 56 59 60
13 18 19 23 27 32 37 42 44 64 66
3 10 17 18 22 25 31 32 36 43 45 46 54 62 63 66
4 5 6 10 35 58 68
20 26 27 30 36 45 59
1 10 11 12 24 30 34 42 45 47 50 54 67
1 14 20 24 30 32 36 39 42 43 44 45 56 59 64 68
10 17 21 25 31 36 53 61 64
8 14 17 19 25 26 28 38 52 58 60 66 67
